19.02189 21.65739 17.97517 20.64308 20.93231
23.5219 21.85637 19.6618 22.75108 19.33022
21.57934 17.61547 24.28327 15.59954 19.28995
19.41999 17.45074 20.1754 17.54699 13.84908
19.50873 22.12557 19.19606 15.60823 22.23331
15.76883 21.4012 19.64204 21.40172 21.49441
22.68481 20.83746 23.0236 13.78068 23.56956
17.82688 20.50395 22.76101 14.98519 21.34541
21.44738 22.27464 13.04202 18.62149 16.68385
21.20878 21.7068 17.88175 19.12973 15.54837
16.54923 19.17659 21.7337 15.80929 22.24717
16.84644 20.49614 23.38943 23.52117 18.71641
19.22059 15.76648 18.07593 20.33737 21.26781
21.16051 17.93661 20.44671 19.82705 19.77553
24.52969 24.85981 23.45947 19.76719 14.5432
16.88767 20.90748 16.16616 20.41502 19.84705
25.55644 23.33503 18.46587 18.36836 14.81322
21.41225 20.01616 24.04414 22.17229 24.65765
23.97641 19.8972 18.91696 17.8395 20.84604
17.62842 18.66529 24.09498 21.49236 17.55681
20.8042 18.22338 26.40046 23.51825 22.24028
19.30847 20.26332 13.44878 18.60011 25.05788
18.29624 19.85977 19.52906 24.80673 22.30596
17.68511 18.10795 17.50916 18.22666 22.94326
18.01518 17.68275 13.94458 18.39924 21.30419
17.6865 17.73818 19.10193 24.9919 16.26701
17.6506 20.73449 19.56834 15.17411 22.85474
14.5426 25.35102 25.66142 24.47216 18.8582
17.27187 18.98572 15.76435 20.65263 22.01038
19.13642 21.40791 18.58979 19.2822 18.65761
18.14351 20.75889 17.7399 22.19683 18.79224
11.531 21.38892 26.39861 19.18854 20.74558
20.11435 21.18221 15.48774 15.23933 17.21865
22.32859 17.65795 16.1643 19.99572 14.44707
21.35452 18.70116 22.14081 22.88209 21.14461
23.65422 19.94859 19.88537 23.7312 17.13242
22.74628 17.18199 20.33637 21.65904 21.59523
17.37871 19.43945 19.35887 19.38797 25.15913
20.6061 21.53797 24.3572 21.0916 17.37245
19.95632 17.82652 25.90811 18.39079 19.9213
19.5079 15.85017 21.27053 17.62853 23.62977
22.68355 19.6964 20.89137 20.59189 19.52905
24.60971 13.49699 21.79534 20.12934 23.88508
22.11891 21.03664 19.76031 21.36442 23.82876
23.79451 20.80776 19.63837 22.38581 18.45792
18.78022 23.65916 20.25113 21.76971 18.44774
22.30839 22.40591 17.90942 23.53356 21.75754
18.59932 21.15695 18.39618 23.17001 19.38172
21.82104 18.35581 13.70007 20.75244 19.83516
18.02082 15.63243 20.07119 21.64372 17.5733
19.28293 18.94064 22.4588 18.96416 16.45135
16.90604 19.77473 22.48576 16.89205 19.55853
19.15564 15.87894 24.67535 18.27516 26.56201
22.38287 20.60768 19.93385 20.91359 16.67225
22.29642 19.93392 17.28801 21.20001 16.55214
20.5645 20.65187 16.85274 19.77463 15.29603
16.47861 13.55508 21.02515 22.71491 23.28947
15.58622 19.15821 22.53842 16.14226 19.06269
18.91147 24.23736 19.23439 21.16105 21.57482
21.84544 19.00155 22.23599 19.0662 19.29725
16.50243 19.2806 23.55315 20.62253 19.8691
17.08677 21.72267 16.2204 23.18504 18.69802
20.71753 18.49301 14.88837 21.57132 24.69252
12.60124 19.55354 26.33251 18.96141 22.94655
21.17429 18.47002 16.85106 20.13802 16.97352
18.03125 20.28205 20.05377 15.18943 21.44923
19.32673 18.68781 23.98331 18.59457 15.98013
24.9963 21.61685 22.99815 21.02447 16.82412
19.8752 16.12152 17.31841 21.62573 22.90891
19.26503 22.58054 17.97247 18.49987 25.4961
19.01218 20.78392 16.66352 23.18663 20.615
13.92702 23.68212 23.58603 22.31755 15.77139
18.70271 18.67314 24.04698 16.77611 18.99475
22.2525 25.99162 25.37572 16.30107 10.46837
16.74547 20.18229 19.4547 21.02393 23.32037
22.06645 21.41298 15.0798 17.96293 21.45892
20.67853 18.05996 19.66014 21.56157 27.76023
21.62658 23.19561 17.74956 22.38137 17.75071
20.91891 23.95511 19.20038 20.79742 23.41952
17.04037 17.979 14.28577 17.84623 18.84937
19.03839 13.72424 14.4445 21.319 20.42571
17.52482 15.88646 20.07464 24.74298 17.72085
18.38437 19.21913 18.0662 23.64576 25.34601
19.80789 21.87344 17.18421 14.50195 17.29554
17.14729 17.49409 21.63829 24.83761 18.04066
19.89006 19.6681 23.72602 17.92273 16.50367
16.83172 22.17046 21.08068 20.76866 22.25866
17.02213 24.45898 17.82004 20.28995 20.64459
21.55543 19.11109 18.944 20.40116 19.31941
22.58923 24.81264 18.66249 16.43129 20.73986
17.71553 18.81805 14.81521 20.78882 15.15323
19.64819 20.97778 14.2972 18.59058 20.37154
16.61888 18.7946 20.01546 22.01762 15.66092
16.56914 19.09753 15.83326 13.91756 21.51565
22.3145 15.16135 23.42726 26.29488 19.49791
19.19922 22.38447 18.62946 17.08489 18.5824
22.84297 23.04812 25.2556 23.14311 18.86643
21.52431 16.78945 19.56733 16.96488 23.72907
19.76333 17.57811 17.0114 17.42501 17.14779
16.63462 19.59477 17.37778 20.77604 14.76458
16.18293 18.01079 19.11037 18.2781 19.92148
20.77918 21.60025 18.37379 21.01301 19.28626
23.37709 20.61406 19.95239 20.55559 20.32469
22.02198 17.1441 18.50458 18.03944 19.62176
18.0864 21.0127 19.91201 23.68618 24.75584
19.05688 22.92726 22.22627 26.67637 15.50798
23.31822 18.41508 24.12803 17.29275 19.43666
17.38896 20.7277 23.65499 17.05931 21.67878
22.16121 14.67009 20.67217 16.58005 24.1307
25.34033 20.88217 17.20507 21.90685 17.49253
16.94031 20.48441 21.89098 19.9115 20.03693
19.12537 25.11667 15.59546 20.70456 18.47277
13.65129 21.69181 25.3671 20.15959 22.73868
19.56047 19.4714 16.83339 23.71721 23.38348
17.94346 25.26217 20.85776 19.71128 21.60811
17.87051 20.8292 20.92262 17.52124 21.33603
18.35144 15.67105 19.32564 20.90462 20.52365
18.25148 19.31299 22.98615 22.10765 16.79265
19.65313 22.07727 14.98416 20.48074 17.67593
20.34659 16.88307 20.53269 25.06659 23.53579
18.83206 16.78205 18.81396 17.46504 18.03218
12.47903 20.50352 23.64683 20.76544 24.85719
19.98764 20.94446 20.49455 17.86201 16.17033
23.20437 17.59136 17.47035 24.30539 17.06787
20.85144 20.93876 24.56462 17.5636 20.15318
18.53561 15.98151 17.19272 17.37526 17.50279
19.36083 19.55454 19.77251 18.13382 21.36054
23.40433 16.13227 20.41235 19.50777 19.94388
19.35557 23.14886 14.6558 19.30513 21.756
18.86746 19.30839 17.23326 18.18583 20.1929
18.02399 16.83705 15.40107 21.21979 21.05568
14.80769 19.43364 15.8006 20.53039 21.35854
17.44008 22.78171 20.08442 21.06799 23.82054
18.76239 19.06732 22.02681 22.55439 20.81611
20.12479 19.49307 24.765 24.19046 16.86244
20.35049 20.31688 19.79591 19.0535 21.44979
21.53664 17.15561 22.3098 20.92743 20.91775
19.24525 20.3568 15.41082 21.57593 22.59345
19.78573 20.50218 21.18373 18.41109 17.37166
16.44606 18.23238 20.54274 20.43702 22.26704
20.08332 20.43412 19.28731 17.77146 20.78272
21.28828 24.69496 24.49295 17.7941 20.76027
17.55111 23.67965 21.90346 21.92931 17.50543
20.70962 19.8434 22.74959 18.89106 20.79498
18.68342 16.52268 19.20783 18.50178 22.47388
18.40258 18.85824 16.4731 11.70174 19.24458
24.99857 19.73582 16.25874 21.25823 26.11255
15.67564 25.83576 15.77249 19.53422 18.50898
23.01148 18.46721 20.38207 20.71715 20.4865
21.09452 18.34745 18.21683 17.33192 16.51175
18.61768 20.36495 24.86267 19.90663 19.16253
16.13915 23.64077 19.25603 18.57911 16.45403
16.36731 24.2322 17.92536 22.98784 22.30219
21.52117 19.63668 22.79758 15.56084 15.88651
21.31804 21.35912 19.15599 16.11484 17.10053
18.45365 23.49956 23.13574 17.62801 19.40931
21.98337 10.62099 15.94978 15.28797 25.6106
15.72116 21.61145 20.14586 19.20194 15.43651
18.13564 18.76007 19.79897 19.43661 19.45285
19.15135 19.27188 16.10915 21.51332 21.29359
15.62079 20.9045 20.91938 21.12024 19.27719
22.72861 22.15583 19.83849 26.45916 22.87415
18.47213 18.29713 24.5009 17.68472 20.4666
19.87544 19.24449 23.35753 21.66891 19.79573
23.09294 20.79256 20.7897 19.80862 20.61906
21.27456 17.79701 21.06073 18.14466 21.46574
22.19181 17.61691 18.29469 22.33579 19.52946
14.56822 14.29156 27.01101 18.61431 21.64164
21.27376 16.3438 18.64756 17.2359 17.72233
20.51012 21.23481 14.74497 21.77948 19.89873
18.07506 20.82817 19.29442 17.5014 21.18767
18.1678 13.74902 22.18933 14.84821 20.8626
18.94502 22.22149 16.90387 21.68575 23.90389
21.42412 18.05931 19.68645 22.11556 26.79648
20.86054 20.88524 24.23439 16.81965 14.93509
19.19512 18.24144 19.02365 12.95425 16.33561
26.33148 19.05213 19.83045 24.28583 23.46573
21.71289 21.22881 20.58043 21.94182 15.85957
23.00586 18.29219 24.44487 22.00372 22.46916
21.33882 24.61107 19.23981 21.38307 17.00012
20.17217 19.73682 18.63565 24.36964 24.85652
17.21328 19.06798 23.02709 19.61696 19.40199
21.87698 23.24056 18.61274 24.97444 22.10094
18.59793 19.44226 22.74792 23.05526 14.58097
16.6127 15.01665 19.44714 17.76159 23.43305
24.28694 24.99016 14.54824 20.21878 15.28639
21.67277 23.86172 20.74737 19.50614 21.12779
17.61465 19.5866 25.65683 17.19556 23.78368
15.75707 19.52906 19.05319 22.0391 18.4546
23.74157 19.05606 15.28459 16.20218 26.43262
20.45484 22.21288 26.50548 19.05312 20.72717
22.57543 14.93511 17.27546 24.56036 19.065
23.39221 16.10281 21.91042 20.72227 26.47257
25.75854 22.68349 22.45648 19.87746 22.05131
16.0391 14.53599 24.60497 18.2914 16.88213
23.10104 21.22485 24.20074 18.3758 22.15228
20.27348 19.95774 16.95335 18.03579 15.53818
29.53547 15.33867 16.53522 20.19513 17.75077
23.06881 21.11824 22.22674 19.76902 20.73602
19.23834 23.95214 16.68788 20.08835 17.49706
21.50959 13.70759 19.71655 23.04363 19.7618
19.23461 22.34285 23.62224 17.27644 15.79038
19.78586 23.14218 19.1997 22.87386 17.05158
17.56839 13.15501 24.73806 17.0835 16.91308
18.18676 22.18631 18.64811 19.19183 22.02086
18.1501 22.13974 19.15413 22.46649 16.60834
17.80985 23.28727 25.66192 17.37746 24.37507
26.77909 15.51412 17.41396 19.26836 24.33492
20.02444 18.58057 23.24282 15.98144 19.84597
20.9533 24.01456 19.73061 18.992 19.91576
21.58724 23.67292 22.26753 18.60264 14.70104
20.0759 20.66774 15.74415 19.26476 18.59609
23.45993 21.70787 22.43937 24.32724 23.00651
14.03522 21.09065 17.88012 20.98118 25.49064
18.36158 20.58636 22.17507 20.69297 18.85538
20.74479 17.94438 16.77262 15.99182 22.76057
20.33196 17.98215 20.65585 20.37654 24.88927
21.78762 27.08607 21.72323 25.06315 18.7089
16.23712 14.81446 24.26464 25.17142 20.6995
17.819 21.20679 21.75789 18.36688 16.72715
17.73909 21.71029 17.63234 17.59077 16.80802
18.08858 23.32164 19.37231 18.9094 19.45505
21.44129 16.99049 21.60284 20.54873 19.75594
20.41525 21.7667 16.77818 21.37288 20.16293
20.47541 17.55997 20.1071 22.88475 15.62717
17.66412 16.08012 16.58758 18.02699 19.62909
18.23159 20.9476 18.55445 20.61079 17.95075
15.87416 25.86601 22.91263 18.11382 14.27947
21.29084 23.14253 22.72273 19.92267 19.68753
17.82641 15.13129 18.91238 21.08948 19.06199
17.84462 20.05543 24.68264 21.07691 21.17278
17.79174 18.07062 17.06671 14.22562 15.72508
22.28179 19.21208 19.92511 24.40219 22.86643
15.00666 24.17021 18.63921 16.92029 29.17503
13.45922 20.46432 22.03033 16.91881 20.84815
14.92053 21.11592 24.00931 19.10768 19.26584
18.75909 21.82213 22.09058 18.766 13.55751
24.21898 23.20632 20.44515 18.30788 12.96158
15.9074 22.87099 14.69678 20.67296 22.34231
21.85107 25.54559 18.24815 19.51302 21.56833
23.51945 18.46121 19.99959 18.08262 20.53549
21.49237 19.50982 21.24438 18.26788 13.85998
15.35424 25.39889 23.92832 14.89141 22.50856
22.03879 18.95646 17.5719 16.76503 21.6028
13.0877 22.35193 17.58658 23.1074 24.7725
17.81468 22.20291 20.4631 16.02626 18.841
16.83303 19.87141 23.8053 19.83938 19.8149
21.10146 23.28612 15.71067 18.48503 13.30642
22.35838 16.79704 18.08618 24.75522 15.66832
17.53297 18.93431 18.37879 19.20108 20.51657
22.09935 22.1657 12.24452 19.74041 18.92206
16.92934 18.72126 22.25841 22.62894 20.23146
16.82836 19.22247 20.29213 19.54136 18.36014
21.69725 26.81407 17.57635 28.25341 18.71535
18.53524 18.17913 22.1809 13.06844 20.02661
17.65665 25.30789 20.73418 17.41286 18.86105
20.18281 17.6351 18.42017 22.00245 23.36114
23.67305 24.71013 20.78103 24.65592 12.50336
29.38632 19.65449 25.74635 22.83833 22.07551
23.31643 23.59455 21.94846 22.7606 13.93856
23.21361 14.73878 20.82704 23.94927 23.51044
18.37474 22.05023 20.23704 20.57465 20.47967
19.37973 23.83409 20.65165 22.58574 20.3053
17.6693 22.57776 14.23375 20.9554 21.44677
25.43184 22.4156 19.91929 16.76636 18.8562
17.6413 26.92885 12.56032 21.01151 26.1431
21.97359 19.22286 18.15976 16.05397 22.03801
18.96135 19.22583 28.33474 18.35406 19.26216
12.01565 19.77975 21.77975 17.12793 24.2069
23.24504 15.24679 16.53544 22.94571 19.80396
22.58141 18.63708 15.48239 20.97006 15.35351
21.27743 24.56762 20.91178 21.10907 21.67174
17.22051 23.12312 26.3452 16.06538 20.90528
22.77335 24.73171 20.04452 23.6691 13.64728
23.6209 21.98706 19.86721 19.22317 22.05977
23.69734 16.89629 19.00238 19.53974 20.97302
22.6204 16.76325 24.8351 21.21646 19.57076
23.42248 23.0159 19.74811 24.00466 20.00612
17.5425 22.79382 20.55754 16.06435 23.19707
19.89678 23.05347 14.9562 19.79664 17.23964
17.2285 25.99916 23.46403 13.97453 21.75194
15.26354 18.74215 22.11615 19.53082 20.38712
24.73864 23.86024 18.46673 20.78646 22.59549
17.24459 17.65346 15.526 23.06883 21.78167
18.48863 20.67333 18.7843 23.17481 20.35334
20.3456 19.77952 23.64011 18.91418 22.20413
21.78119 24.05579 15.41034 23.06847 18.88606
18.30974 21.4438 16.32035 20.75777 20.6088
16.16129 19.79371 17.97896 20.48228 17.56514
18.15559 20.0483 15.00746 21.55626 18.29059
22.73929 14.3468 17.87129 20.29398 24.13775
19.00242 21.77367 22.234 21.91396 21.40379
24.56682 26.57416 22.26938 23.14547 20.66052
19.58195 21.02541 25.89263 20.18215 21.72341
13.58495 25.94184 22.17926 22.78392 18.66792
22.83478 16.81601 21.89241 19.75757 24.21747
21.93984 20.39377 18.56019 15.77827 19.23509
20.72622 22.65948 25.01043 16.71051 20.16081
15.43785 26.38163 12.0573 18.84904 17.83427
19.1401 19.03084 17.55066 20.32338 22.61976
20.13402 21.70487 18.15733 21.70256 20.54217
10.17582 12.94789 13.99187 22.92405 20.69901
23.67243 17.75699 22.4105 24.7503 15.82214
16.58264 15.30619 16.61756 25.0397 13.98713
21.09353 13.77303 21.17059 16.49166 19.97109
20.43626 23.58915 16.87912 19.75759 18.23424
19.352 20.25088 12.55447 20.28587 24.83649
20.71688 22.51911 16.74614 16.54211 13.86119
13.79267 22.03051 16.01619 21.36236 22.05506
16.48705 17.53658 16.20561 16.85248 20.87826
19.85457 24.77971 22.1275 24.10113 18.08837
22.1795 17.83473 16.30061 21.13552 15.49195
18.7159 21.91991 19.23756 21.63454 15.23175
23.21759 22.37205 19.78369 16.65603 19.48889
19.5509 18.9549 15.18548 23.23854 21.45059
21.64508 16.82374 21.22427 19.17464 18.61645
19.974 14.73059 16.50675 22.79962 17.76293
19.71207 20.44338 21.88849 17.53787 20.48041
18.8459 24.01676 18.96154 20.06854 14.7653
20.31765 14.66201 24.08324 23.15618 23.46357
17.26478 16.63972 25.24592 18.44535 13.00301
18.30587 20.32358 19.72258 22.5253 15.41457
17.04888 20.30783 24.89236 21.14539 18.27718
20.36031 21.461 18.55409 22.61129 22.63941
24.1238 18.13519 20.84245 15.76387 27.84319
16.93656 22.71965 19.20273 18.87602 17.82756
20.78291 22.73483 18.32488 14.38072 19.67834
17.50501 20.91128 20.1726 16.56756 16.43834
20.29848 25.18019 24.47853 17.59835 16.50579
18.87037 17.61738 15.34752 18.30337 21.75128
14.32634 20.84153 19.99634 13.81218 21.67938
17.22288 13.77079 23.2182 17.49428 26.48729
18.18072 17.91495 23.41886 20.6476 20.25824
20.19334 21.15746 16.76637 19.04505 20.91618
20.57049 18.87956 19.91375 16.9433 20.54048
25.89414 19.78487 19.71692 20.75415 21.6853
13.90085 15.48203 15.5784 22.00922 23.45899
23.69894 21.04808 12.88573 19.9992 16.51885
22.96745 24.30731 20.36796 16.25809 17.73497
17.30077 24.10078 19.50524 22.34983 23.36764
21.68882 18.73997 18.05876 20.22555 25.83689
17.15689 26.95712 19.97106 16.57664 19.13567
19.60104 22.53646 21.10955 19.21719 19.63083
20.50914 22.36777 25.90596 18.0349 21.26406
21.68745 18.18056 24.17418 18.88211 20.98544
22.6978 23.74005 24.60973 21.38331 20.94394
13.06968 25.0241 23.25235 23.1706 20.51643
20.32481 20.60202 17.56743 23.82125 23.33004
19.15706 18.85921 19.41057 24.21344 18.99337
19.63376 17.46389 18.81996 23.35913 18.97431
20.22878 23.03882 16.38564 17.50143 23.69299
21.70873 22.66402 27.48113 22.13455 19.43254
18.23677 19.73124 22.74729 21.66559 18.46443
21.17332 15.24773 19.2724 19.59872 22.89161
13.51092 21.34618 19.10985 14.64505 19.03839
21.14568 16.58939 23.26491 18.53617 19.98836
17.79171 17.46449 19.86986 16.86722 20.51125
21.83504 19.57942 25.11908 21.15805 15.51809
17.73442 13.41622 22.49297 19.72073 19.26565
15.02563 17.87745 23.26976 20.70367 17.06982
16.32655 21.63946 17.37802 19.91236 18.33066
20.9994 16.53467 22.52183 23.34222 21.75523
25.58723 20.79846 12.59686 20.89511 21.84349
19.4883 22.61247 22.1008 20.60701 10.70401
19.80535 14.9278 21.35364 17.47491 18.43501
22.5372 22.11505 15.43385 21.30519 21.29725
19.96037 22.37764 14.62897 25.9015 19.88976
26.68568 15.27391 21.00143 15.94071 19.33505
25.95502 21.41139 18.88134 13.57563 18.22721
20.08738 21.69182 22.9262 15.81455 18.34556
19.00211 19.60983 21.4023 18.63422 14.27601
20.80405 28.91901 16.35259 13.88746 15.88935
24.15537 17.41218 16.29393 21.11569 20.977
19.90523 22.81481 25.36524 23.01787 25.16754
14.63096 16.70103 20.65383 14.71302 20.76305
17.86638 19.41919 28.10732 23.83618 16.97742
22.05193 16.74619 25.26597 22.09808 19.13968
19.57346 16.38808 17.6531 16.76011 19.38094
22.82203 19.84554 22.25529 16.05516 20.23658
22.33889 21.4206 16.41524 19.05047 23.30587
21.64566 19.92824 22.56596 23.10727 19.33819
22.04981 24.61845 20.19501 22.8975 18.94908
18.58376 15.77231 21.16856 17.39464 17.47172
19.07353 16.8261 20.53104 20.60144 20.21901
14.92416 22.79857 19.60862 19.34613 13.54865
15.19937 21.64876 23.02425 21.72749 23.55502
16.82137 17.54248 19.71833 14.71215 21.25369
13.8293 19.66383 18.78492 23.09805 20.38145
21.85972 18.88493 18.58923 16.69196 24.65595
18.8082 20.1479 17.16369 18.07221 20.31768
22.51983 19.13704 25.07954 23.75221 21.49553
21.89575 18.30821 18.95306 27.59624 19.84072
21.62757 21.23925 17.33931 21.14682 21.66695
20.32113 21.32351 16.95625 19.40098 20.74993
19.43347 22.43792 23.26892 20.95523 19.80418
25.5491 22.25559 22.73461 19.34783 17.48545
20.57534 19.49131 18.8252 17.13735 20.84177
15.39689 17.80903 19.13268 19.12297 19.30249
16.40852 22.02259 18.85422 17.29627 21.76695
21.45983 23.94889 21.04644 22.0725 16.74719
23.49314 18.71631 19.91461 23.93329 21.42209
21.91228 26.86229 17.40221 18.45177 19.5285
20.26877 19.35945 15.81264 19.57029 22.16816
18.95564 18.2593 20.82482 20.94721 24.06176
17.54061 13.90886 18.18203 17.02708 19.30107
21.297 20.44075 13.00434 24.25176 23.09016
16.3339 20.61671 16.64135 23.5343 19.6524
19.17292 17.96893 25.67686 14.16267 30.54457
20.54573 21.00513 23.26358 19.44182 21.63388
19.89334 23.43242 19.71957 24.24472 21.78137
17.24923 21.60777 20.91324 21.99384 19.54987
20.47196 18.88321 20.65462 16.9541 23.24452
21.05827 16.71774 26.65903 22.74513 22.62258
19.14031 21.87146 20.53486 17.48901 24.27498
21.30573 15.61314 24.97956 22.09939 20.60598
16.92812 22.63164 25.21713 19.21673 20.935
15.74099 25.60541 19.54465 20.55629 21.97625
15.97412 19.71528 17.96296 19.02844 18.86088
19.62611 19.36251 19.39332 20.16161 17.63188
19.48567 22.48331 27.07024 23.09889 18.15919
19.24887 19.77396 23.5251 15.11604 20.61563
22.96498 17.5792 22.05864 16.44102 17.5684
15.02052 24.08515 22.14124 20.80375 25.99185
16.40432 21.69143 22.51069 24.12726 20.28405
20.87061 18.07065 21.72966 18.92657 25.46552
21.51107 13.90653 22.37157 19.31866 20.72007
21.16546 22.05913 18.03437 22.50435 21.59112
23.52969 24.22824 15.01145 19.65465 26.00287
15.07661 21.19983 17.4612 21.52404 17.89312
22.02225 16.24014 18.29369 18.71295 22.72859
15.88622 24.04403 18.71959 18.43928 15.31215
24.04703 18.90238 19.86204 22.85735 17.33948
24.66061 20.37143 19.22761 19.47726 19.22755
21.42956 21.81247 16.90885 18.31192 16.68055
24.4238 21.9108 19.52016 20.05378 24.99645
18.31954 21.33767 18.03955 19.30598 20.57963
14.78989 15.76296 19.20143 21.72903 21.16299
20.60666 24.20492 24.50712 20.09165 18.17524
16.7556 28.23039 21.81465 25.5356 17.9031
17.54635 25.11339 24.71041 19.44665 18.67604
16.36651 22.97433 19.51168 18.51359 20.7137
23.19797 22.19658 20.61091 19.01184 22.80544
20.00915 16.9338 21.01422 19.92426 24.4686
19.43266 20.38584 16.73725 24.73986 23.07363
16.26201 20.38197 18.39832 18.17932 22.92006
17.71913 23.62529 12.87172 23.98051 21.61741
26.68784 14.45433 19.62916 17.10725 13.08065
18.02433 22.01533 21.41348 21.69055 22.30648
24.09494 21.16973 21.79119 20.34273 23.06438
25.18567 18.39555 17.17815 19.0781 19.46198
22.14554 16.45054 18.51838 21.07282 21.72458
20.20278 20.75171 18.56427 20.54307 25.51559
21.83424 14.99808 23.21473 20.02425 19.13712
21.93491 19.05048 16.27335 13.24635 19.04757
19.8012 21.11933 22.89013 22.14295 22.39984
16.4064 14.57148 21.90982 24.77772 18.73069
22.44814 21.42482 20.96257 17.68364 21.77525
25.30929 23.70603 22.36674 25.78077 18.77233
19.54259 24.01874 23.86274 20.04652 21.84297
17.81827 19.58911 15.94877 21.13515 18.24597
23.6802 11.54191 20.53728 14.85518 17.40861
23.96987 26.1621 18.03496 21.3692 20.69145
18.99843 18.86181 17.40132 19.28051 21.7762
19.5847 19.00334 23.22088 16.87608 23.31246
20.40371 19.936 19.95425 25.28958 22.05037
19.94504 20.28582 24.34248 15.54008 24.35722
17.93479 20.41787 17.45491 17.38323 20.89066
20.42599 20.95124 22.61571 18.14457 15.63541
19.92484 23.97189 16.14748 23.4398 23.28291
18.57267 18.31189 17.85227 16.56227 20.06804
18.07943 25.07757 14.47375 23.26389 22.60152
19.10528 22.90772 19.18929 25.35298 22.90778
18.42365 19.96173 16.86988 13.42235 20.9516
20.85984 23.25368 20.9297 17.63921 24.26258
18.96063 16.86843 21.72128 17.32956 22.32348
23.9349 25.47811 24.46591 18.16308 21.53163
23.37887 18.20255 19.81574 24.27958 19.97719
20.56435 20.57961 20.42092 23.5744 19.13201
20.58026 23.64605 15.90872 19.23502 19.57545
28.44177 23.75158 23.137 19.8089 24.21611
17.85603 24.84072 23.03478 19.6245 20.82737
16.44897 18.73831 19.72016 20.671 22.18247
18.00713 19.00425 16.22697 20.40017 18.85101
16.19021 20.47851 20.6136 16.85962 21.91518
18.74616 22.66654 19.23833 18.94045 21.17637
24.17144 20.82883 23.74984 22.69078 23.2436
14.6141 20.07435 25.68095 19.58918 15.47267
17.79193 23.80159 20.79283 19.08523 20.80232
15.69202 16.26616 17.56762 18.67569 22.97225
20.67993 18.56435 19.33221 24.27997 25.53288
16.75223 16.76805 14.86628 17.57668 19.71675
22.49181 19.50706 18.03027 19.3285 15.52588
15.87938 23.47181 17.72504 19.13418 19.96193
23.11557 17.90526 19.03123 19.93184 21.99126
23.9017 20.653 17.71274 21.01 22.64947
17.3841 21.02821 23.49016 16.77248 19.28197
20.88096 21.20062 19.97653 20.77357 17.04379
23.85266 18.8781 22.66173 19.79437 23.22131
21.69918 22.91641 16.40357 16.66573 22.12619
17.92102 16.55304 18.38925 20.66039 21.80079
21.33029 21.07653 23.14407 21.84926 19.11754
20.45057 14.96932 21.26752 20.00316 23.66421
17.13195 22.22155 22.22079 26.00691 17.81305
20.76305 23.3337 22.29235 21.45839 19.39867
17.17329 23.91118 15.49028 19.17274 17.64967
21.2604 20.29729 23.78035 17.48221 21.29472
20.62811 16.79545 22.51557 21.43864 21.72317
22.22392 19.02737 24.47222 26.25005 21.52193
19.70797 16.77513 19.76773 19.3385 19.68224
19.10601 21.68712 19.82943 22.70532 19.74188
20.03715 22.45984 18.20218 18.68005 16.58955
20.75476 25.18153 21.63242 23.09942 18.73342
22.27622 19.21944 16.33038 20.69611 21.66078
19.33355 18.34162 24.10021 16.45772 22.0229
19.09893 25.25864 21.94056 19.87946 17.69859
18.32998 19.7863 26.83817 22.75905 20.63228
20.1366 24.13846 20.17655 18.17693 20.68652
25.2713 14.1412 23.41078 23.74584 23.25788
20.87908 22.32687 19.6908 18.11869 22.34435
19.75634 14.90639 21.72155 22.10889 21.50521
16.0721 17.47439 22.87067 20.01709 23.96859
21.93179 22.0904 19.55835 15.42553 19.77614
22.24458 19.72044 21.86029 19.62041 26.57484
20.04326 19.95861 17.6595 18.75683 16.09367
18.11936 28.70762 24.39232 18.94152 23.41833
18.83056 18.62051 21.07769 25.21769 21.7604
15.24557 17.02235 18.62527 17.68009 22.27128
24.14221 18.76202 21.83068 12.69501 18.36422
21.91649 19.34048 19.96568 15.48181 25.78939
15.13673 14.54269 25.1928 18.79698 15.88885
19.7694 18.3317 14.46566 20.623 18.03914
18.44652 15.74369 17.15699 24.49824 19.09548
18.92811 21.30998 19.78095 19.90906 20.9604
22.46218 23.27939 21.30625 19.73704 27.98064
10.13147 16.40518 17.36114 19.84974 16.87626
15.80885 18.78091 17.61139 16.28499 17.65924
19.35482 24.49797 19.88425 19.74688 21.42908
21.25969 22.05746 14.44221 22.45466 15.75949
19.82361 23.63395 20.07295 19.31121 17.76368
21.85857 17.81989 24.03576 16.87541 18.30523
19.83449 19.28892 22.92326 16.07568 21.03236
16.78756 18.74638 21.50354 21.37809 17.66521
17.21047 19.8981 15.22191 18.85488 14.28064
24.94063 20.32137 20.175 19.00562 19.35765
19.05347 17.64627 15.65111 19.46316 20.11323
20.71031 27.18288 22.79708 20.50349 13.00508
23.92468 15.78896 21.7455 17.70834 23.70117
17.94437 18.61144 18.64593 14.57146 19.51684
20.77032 18.96247 21.58354 16.24053 20.25796
18.5932 22.85087 24.11596 18.27725 19.84685
19.35713 20.57374 18.07047 20.70626 22.62264
20.92528 26.68528 19.53956 17.22987 13.63753
18.99773 18.07358 25.72212 24.4592 26.76659
16.93186 18.41845 22.02995 20.1862 20.991
16.90689 21.75235 18.69064 19.18618 21.40228
21.79638 20.73142 22.34733 23.05137 19.37328
24.76437 22.82186 17.88614 16.79656 18.97939
17.22514 20.28098 22.98665 24.50785 21.6715
24.60329 15.62567 16.74721 19.77921 23.41492
17.54582 23.48789 20.73497 20.29001 19.39057
19.12348 21.26804 17.84518 21.84939 22.01417
22.76239 20.24491 19.67238 23.34066 21.54762
21.85726 21.3302 18.96589 19.66512 18.00465
20.99701 23.1198 22.22836 17.84022 21.03098
22.15788 20.54316 25.48055 21.07047 14.90903
24.77493 17.64598 20.02164 18.06924 18.03643
19.50368 23.77107 22.16441 20.14854 17.77569
23.09858 18.24707 24.40646 19.27509 20.43432
16.21339 25.91872 23.05735 18.771 19.63751
20.1572 18.95388 18.70192 20.53927 25.272
17.54476 20.31826 18.22859 19.45367 20.90478
18.90021 21.45249 25.69078 20.88659 19.8475
26.00166 13.32899 18.16335 19.95405 23.32386
14.41794 17.72401 16.49625 22.61379 19.31367
21.26709 24.43987 17.77445 21.98557 19.42745
20.8478 16.55764 20.85108 20.11317 19.28205
22.52623 19.08857 22.9601 24.72926 21.10104
26.50983 17.23847 19.22553 16.66706 22.68499
19.74226 19.7023 21.42395 21.46035 23.93443
19.62826 18.17462 20.39766 23.42429 21.95031
16.91062 21.64751 16.7079 16.46507 23.19584
25.7988 21.48869 16.21016 19.60928 22.4587
14.90583 17.17364 21.46875 19.42118 19.75535
19.05163 17.69966 20.68098 18.57667 23.80501
21.18987 20.46238 25.15249 19.33906 20.91818
16.31233 19.01301 20.64227 17.53542 16.42697
21.89675 22.13602 18.76994 19.53997 21.63771
16.01916 16.03891 21.83435 21.48036 14.93935
27.11683 23.1344 18.40637 13.19832 18.74617
21.96682 24.06912 21.73467 14.83541 16.7533
16.05696 18.74524 25.60437 20.22003 19.32922
19.4763 22.51989 18.79327 19.62987 18.66167
16.71755 20.34907 17.81375 16.3941 27.87155
19.25757 20.87076 18.85103 18.18981 18.27425
27.3676 17.57735 22.64351 17.84776 20.60175
24.23575 21.19424 18.75539 20.10598 18.64243
17.40052 22.96328 17.74158 25.78363 20.77286
17.37859 16.50758 21.24729 18.1984 21.19832
16.73496 25.12001 20.22189 16.18519 21.37387
18.39098 16.39709 17.49734 21.87745 20.79118
20.82325 19.41711 22.12032 24.77103 19.62977
19.02301 16.65046 20.65024 16.57484 17.40887
18.32544 19.96679 18.67518 18.3548 16.66286
21.41995 16.58758 17.05581 19.87535 16.03828
20.39658 17.2895 24.96463 20.43239 18.81696
19.8345 20.63679 11.83902 24.88117 19.10627
24.12687 22.68993 25.27079 16.48211 23.33961
21.00941 20.82248 17.50074 22.40775 20.51803
18.87712 19.79173 16.07819 20.39462 21.74421
18.99413 24.32255 19.95087 17.96331 25.96439
16.47254 20.3744 20.57176 18.60936 17.52677
19.00683 20.20543 24.23515 22.18703 22.58112
22.76126 23.46071 21.15495 16.48961 20.02705
20.7615 20.8468 22.19003 20.30273 26.13353
18.57434 20.786 16.98038 15.00256 17.78452
18.29284 23.96683 19.72246 22.0246 23.79163
18.67894 24.95082 23.61229 26.70248 13.57081
17.88433 24.05079 21.0609 18.1127 22.63684
17.23589 18.2891 20.13021 21.53561 27.94839
19.29151 19.82851 22.04085 20.26499 17.5872
25.86376 21.79232 19.90931 22.91099 16.54365
21.12019 15.3972 21.32469 17.11163 22.51119
23.21227 24.67185 16.65341 20.44774 19.68911
19.90207 24.09166 17.40778 16.03681 21.5911
21.06131 20.9298 18.67911 21.25711 16.46506
20.35125 17.96846 19.26046 17.34954 20.27519
20.28674 18.55706 16.19721 23.09239 20.96249
15.46374 21.68537 15.1618 22.08339 20.54188
21.98744 18.23116 17.31052 21.61281 19.14842
23.41329 20.00669 17.10141 15.3835 23.19687
20.95623 20.61082 17.146 17.38369 18.98817
17.92451 20.12558 22.56468 21.75285 18.16206
20.59337 25.19187 21.91391 16.73315 18.30979
19.77283 16.83575 22.6301 18.52236 22.33003
21.27399 18.46648 23.0756 27.03901 16.74247
21.28356 18.38006 21.68582 17.69722 22.31834
21.42327 22.57883 19.95621 18.41669 24.87242
23.15472 17.9812 14.53636 23.23395 21.48115
22.93899 21.81768 18.60884 21.67601 18.42187
22.78279 22.96283 22.56017 21.69575 17.87457
18.7816 20.82279 19.19333 25.66142 20.50256
24.31579 15.40462 19.22488 16.27852 21.65356
20.87839 19.67344 16.15686 20.45855 18.71151
27.98693 17.38073 20.66269 19.36552 17.81576
21.39213 23.14234 13.86796 17.81805 16.62949
20.41954 16.29019 22.48112 21.48354 23.51519
21.47138 19.27745 14.55239 21.03289 24.73088
20.34892 20.98617 24.67326 16.51153 18.65814
18.5075 21.78427 17.15217 27.63583 15.98534
18.22852 21.22988 22.17556 26.80574 23.3336
15.18152 19.30437 27.98154 17.76761 22.43864
19.77307 21.84321 19.13457 20.09867 16.34766
21.35252 20.77773 19.10407 20.78634 18.49981
19.94513 23.81059 19.40311 22.75489 22.53323
19.42356 17.24397 23.86699 17.69755 20.52542
19.40876 15.76436 19.50642 18.6404 25.81128
21.0921 22.76719 19.28635 26.4049 15.29849
15.74792 18.87478 18.0747 26.7836 19.93042
21.62971 22.59879 12.27772 18.8903 19.55146
17.44269 17.40466 19.28132 21.32977 15.48461
17.4428 18.35925 18.86975 19.12646 21.24131
19.21595 19.74393 22.695 24.2202 25.71932
19.93989 21.03658 27.7571 21.92042 21.70621
20.75371 25.62314 19.21025 20.04425 19.21848
17.98244 23.26751 21.37424 14.60701 22.66373
21.14543 20.41934 21.68291 15.56507 20.09453
19.58366 24.17988 20.00965 19.13181 20.47334
21.94882 18.05943 15.78641 16.36415 18.00302
20.07925 19.90385 25.23384 19.06861 21.06537
19.41047 24.00454 18.99276 22.03169 20.74563
19.09052 20.22307 22.38597 21.99373 18.47205
19.12033 22.9453 16.90194 17.30504 14.42913
16.99072 17.09264 19.0837 20.15408 19.2644
18.79549 15.56444 21.17319 24.73268 16.15608
21.21394 17.88214 18.29355 19.54454 18.56869
24.46227 17.54545 18.50458 20.10767 26.32328
19.21933 23.00924 19.22203 23.08418 18.30912
23.27934 15.30603 21.42441 22.64033 18.99228
18.99091 19.45651 24.73919 21.30515 17.61145
18.3675 24.33232 21.28393 23.38803 15.8118
20.15591 21.9999 15.15184 16.62876 20.10656
20.6832 21.08597 19.14891 20.27736 14.45954
16.74013 18.31877 19.00247 20.12114 18.41448
19.88885 14.21545 15.54288 24.7269 24.90797
18.51368 21.00528 14.71381 25.6058 19.48986
27.12374 19.82717 21.09804 24.82413 16.63928
27.11408 21.67882 18.07857 24.05222 17.22971
17.8212 16.29189 22.51747 15.80143 23.73965
21.19871 25.60669 18.70713 14.3669 16.79552
17.2668 19.74992 17.05864 19.84046 17.97178
19.38766 17.56725 21.97758 18.64098 15.84191
17.17026 23.34873 19.78416 18.85982 17.10895
17.91151 15.60842 18.35613 16.07218 24.83491
19.64107 20.82863 19.1055 18.44029 15.71831
20.27482 19.63666 21.70075 22.58082 18.45842
18.1958 16.87322 16.65589 18.38796 25.19018
20.35852 16.07086 25.41582 17.97618 23.9908
22.04963 21.79119 18.41869 21.83543 19.11388
23.65091 21.81072 21.12842 23.47202 18.21012
15.45989 22.35093 21.51058 13.9416 23.48313
16.93108 19.41875 24.39623 22.79898 22.20757
23.17875 22.3434 17.88144 19.29763 18.88854
14.01795 16.34188 19.04401 24.11077 23.88074
21.36896 21.27034 17.69927 18.40258 16.27094
22.8483 21.86027 19.36862 24.62111 18.60722
23.89158 21.65984 19.50178 13.55552 21.05887
19.40084 19.21969 21.29939 17.65709 19.10157
15.29173 17.74864 20.91774 22.31561 21.38675
20.68103 23.20136 21.24096 22.76546 17.02233
15.98016 25.75605 22.12269 17.48647 16.21962
20.82096 21.0559 18.34617 14.66703 17.30899
23.37456 20.30099 19.65503 23.57525 22.62522
23.86961 20.85749 17.53985 16.54431 13.84311
17.55719 19.31564 18.28469 18.60719 20.12371
17.7693 19.65124 20.70907 19.34466 19.41207
20.0151 18.7588 24.49065 21.29406 20.92897
16.4762 18.80103 23.17028 21.60088 22.50423
14.86814 21.65156 17.32738 21.28125 20.91557
16.78611 16.02792 19.79388 15.85741 22.08587
21.82516 18.43966 21.41086 18.03867 23.22581
17.07553 19.25865 17.75882 22.02681 19.55121
21.29497 18.56012 14.80278 22.61077 18.09563
21.99692 26.83597 17.93393 15.57289 19.27973
18.13462 13.76159 22.31118 14.89034 20.80203
22.47126 23.49228 22.21138 18.73816 23.35855
20.50162 17.18154 19.16219 18.131 22.11595
22.4083 22.66523 17.52363 17.82467 23.77436
13.60617 18.5821 25.53541 18.84352 21.31015
22.08431 24.45043 18.58726 18.411 19.71815
20.807 16.46349 22.93169 15.58449 12.3599
25.53501 21.42275 23.42222 18.99033 21.21493
16.37079 20.58203 25.39378 21.03643 19.90316
20.80263 18.63985 22.86585 21.26571 15.23914
24.53482 19.08716 16.93537 18.71868 16.28755
18.43167 23.51538 24.73386 21.35164 18.09097
19.98117 23.9305 19.38133 19.15719 29.85918
20.57896 21.3574 19.73706 23.11897 18.4024
13.13609 17.16772 24.98985 23.91531 13.93834
14.66427 21.11297 15.70374 21.19587 22.54936
20.88816 17.85943 23.39737 18.0597 20.0781
18.47489 25.69573 21.34719 18.6735 23.54394
19.23226 23.08815 18.90787 22.21599 22.28746
20.73146 20.26911 21.2643 25.85137 18.31536
21.99246 18.87658 17.95395 19.49556 21.9065
19.40938 18.68866 21.89253 19.54773 23.43421
19.99708 18.51579 23.6972 19.80984 24.1907
23.11034 23.42501 17.66173 17.13381 20.30674
24.19943 18.79151 15.95634 18.60463 20.2202
15.96876 18.30499 22.5309 19.8392 26.92422
18.62192 17.51674 14.06678 18.04618 17.90564
16.25223 16.62031 22.95077 18.72648 20.72133
18.57985 25.59975 15.79397 16.92594 21.29457
17.37144 16.62343 14.46264 23.96714 22.06941
15.97938 18.17028 14.81128 23.59596 18.05513
23.77991 20.49215 23.13601 19.67517 19.80098
22.8768 20.12772 20.96441 20.34124 19.78486
19.99648 21.78188 20.83354 20.54373 20.32474
12.22736 19.9329 17.36064 23.30405 17.8074
23.051 19.8885 18.67707 20.79758 16.12731
21.0949 23.38039 20.90868 17.5425 20.49128
19.03412 15.94632 19.57308 22.81523 19.0701
16.48039 23.36296 23.98977 19.45584 17.44452
20.30833 18.03968 14.32787 21.35948 19.43936
18.39015 16.91351 20.42082 24.89453 24.2795
20.81688 15.33837 25.39335 18.97899 19.44085
22.64891 23.52849 24.12607 15.3519 20.86738
23.83639 25.0946 21.9165 17.60703 23.51883
21.36766 17.71467 21.70554 20.89183 15.48664
22.26627 18.90752 20.10689 24.02805 17.87161
20.8557 22.03698 12.15301 21.51556 19.10823
12.76192 20.7314 21.96716 16.15956 20.6864
13.34018 22.09381 15.47891 19.97135 13.66127
22.20533 22.38083 17.04313 17.60032 16.73856
22.25373 21.97507 20.0518 23.84698 27.5807
20.67816 26.75282 19.56733 25.74183 18.58077
20.85236 18.88143 10.82461 20.43007 20.0975
24.71423 16.94453 20.51439 20.99962 18.65417
18.85585 16.54637 25.94104 17.33839 20.53489
21.2791 14.82132 18.38769 22.1712 17.58534
24.12981 23.123 16.68375 13.82112 17.82683
18.7616 20.26839 22.89707 21.83476 13.30875
21.00052 24.001 18.93626 21.87118 27.52272
20.16531 23.15027 25.5368 21.97688 14.69498
24.43378 18.20357 19.37496 19.79969 26.31363
21.15473 12.55933 20.62008 21.21881 20.23018
21.86793 24.11806 16.4421 19.90197 18.84992
19.51315 18.18551 20.46595 19.55419 19.22542
12.81434 17.70979 14.39753 22.30209 19.18627
21.17382 18.33174 24.05164 17.20792 19.71617
19.04403 22.01118 23.43832 16.87792 17.66858
18.3192 15.35985 22.48823 18.03071 17.68411
19.03306 22.03116 16.27585 18.56034 19.6148
21.42432 18.07614 19.99854 22.07801 18.10967
24.96834 24.82245 13.97696 22.95586 17.98437
25.38682 17.54987 21.12829 24.84477 15.33511
22.32027 23.40368 23.72269 17.16791 25.21161
19.67489 17.37405 19.37796 21.5859 22.19888
24.63091 15.70046 23.70473 22.93368 19.85724
19.9844 21.12554 20.28009 17.05277 18.53003
27.19964 17.29053 16.1145 18.29348 20.50938
16.93887 17.81118 23.07951 15.93251 26.12861
16.61634 22.05477 17.52899 24.31865 19.51708
19.45046 19.56491 19.63853 19.65436 22.83277
24.32805 17.0944 21.71321 14.89534 24.12742
21.09533 22.82757 22.94328 20.31257 21.00997
24.19815 24.32526 21.9026 21.71961 17.62839
21.7079 18.08421 18.07071 16.02172 22.48295
25.57232 22.22443 20.50955 25.30887 19.86407
21.04912 19.78243 19.38325 24.42066 22.67812
25.79406 19.66506 22.83447 22.97213 19.83954
15.39753 16.8362 22.641 17.08117 19.99389
20.64647 21.87019 17.69298 21.28711 13.39971
19.98368 23.45291 18.30266 20.14604 18.05176
21.73229 20.04358 25.69785 17.59827 20.05044
22.49994 15.43226 18.26375 23.16128 26.68274
18.64968 18.57304 18.77095 17.72334 18.51929
22.2232 15.68799 21.61687 10.07478 17.13294
19.08126 18.78224 20.15536 25.95311 18.22569
27.53106 17.46513 22.14887 16.48735 20.23632
24.23806 14.06011 20.36432 16.60203 24.50916
23.56768 18.32204 17.1593 24.67217 23.64655
23.7366 17.39419 23.28822 16.40605 20.69528
14.19479 17.72131 17.4748 23.07313 22.86609
21.24807 21.44545 15.82494 22.73256 18.80674
21.56748 24.0185 14.37184 17.65962 20.13567
22.03621 18.79459 18.50402 14.6753 19.42541
21.58923 20.19816 23.17454 22.26973 20.3882
25.24413 19.07489 19.84071 21.03838 14.62958
20.27277 23.37893 19.77347 20.77451 19.91976
22.80171 18.06224 19.10546 19.4133 19.01955
19.93597 18.54486 23.57216 18.96178 17.41025
15.24482 20.16315 22.26522 21.78834 22.94114
24.79508 18.60515 18.54891 17.49543 23.83753
15.51788 20.9321 19.11116 18.49411 19.09355
18.73143 20.64425 20.39968 17.73667 19.73946
23.04816 17.41382 19.76291 23.39879 19.47385
21.50115 23.04955 21.59052 20.32995 24.6039
22.30732 23.45954 14.44619 14.33095 18.01594
16.72608 14.03858 18.72796 25.8401 21.39885
19.28862 23.92941 20.31593 23.98643 16.34732
17.31179 20.5858 12.88951 17.32846 20.74144
20.84587 17.87772 18.50908 17.77507 22.31405
21.79317 19.39815 19.79264 23.41101 22.23419
15.14226 18.11163 23.17365 13.91465 19.57235
24.61399 23.02919 23.09416 14.48314 19.75726
11.10505 17.15128 22.68464 21.41753 18.31541
20.51762 22.08987 21.27549 23.76153 18.44941
19.30599 23.80039 19.03625 22.17156 24.19482
20.54041 22.28396 27.13228 19.35981 19.96126
17.23822 22.18743 12.9118 19.38344 21.46158
11.314 23.02102 19.19565 19.04714 21.16704
23.94812 20.37835 14.6293 18.19609 20.45094
20.97483 18.75534 23.65528 17.54398 19.80971
13.58742 23.48974 17.38155 18.27467 18.52584
14.59516 21.2741 16.55323 19.04564 21.22262
21.95446 20.5417 21.97839 23.84235 19.79478
20.35359 23.10309 18.11836 20.29515 22.35103
20.18256 19.76314 24.94032 14.78746 21.54148
11.63423 17.36815 20.65096 21.63835 19.69516
19.51973 17.69507 20.05218 19.53213 23.91415
17.20217 23.71416 15.2154 20.28124 21.09209
22.16804 16.24301 18.33505 20.78959 22.59123
20.59898 14.2176 19.54585 14.93677 21.62846
18.26565 20.59888 25.39973 18.31082 22.9409
17.46966 14.55249 20.5116 19.63888 19.27325
24.23864 14.9049 15.47821 24.24472 25.06162
20.32824 19.97689 15.38719 21.80673 20.30686
20.08815 19.07618 22.48082 19.83295 14.78553
15.06838 19.56442 25.15187 23.50595 17.73008
24.0686 20.33374 23.08877 25.22165 24.30312
17.57754 20.73621 17.41048 16.5741 15.73967
15.34257 13.78788 17.84814 26.30581 15.77458
20.50103 24.21374 23.00903 18.40605 18.96109
21.57083 24.16384 19.16857 20.28952 16.87752
16.52729 25.33372 23.42378 15.78221 16.92236
21.8345 19.61491 18.61618 21.25232 20.96074
18.80378 17.84136 20.65789 20.66628 23.33752
19.91504 19.76366 20.7173 18.75815 19.97081
20.4982 22.57088 20.5656 23.66351 18.97396
15.20073 19.36594 18.24967 23.47585 21.7979
18.60108 17.58629 22.58231 20.04419 23.43901
18.78947 19.72644 22.09484 16.79081 17.92081
19.34287 20.00419 22.80223 16.16366 19.40896
22.61807 21.74331 15.50767 17.76044 22.17132
15.84949 20.62355 20.80354 26.4825 16.59143
25.48105 19.66956 23.82907 23.3537 18.40811
21.86282 21.39328 19.04397 20.10302 19.59023
19.74539 15.72651 21.19759 21.03694 17.45457
22.18682 16.89066 18.90809 11.46567 19.66524
23.24314 16.14391 19.63959 16.03317 22.17471
20.32784 21.78136 22.15186 19.18118 17.1435
19.19897 17.69007 22.23963 20.67319 23.0062
25.40303 20.62132 20.77865 24.22752 16.39399
20.96294 25.7778 20.96598 17.27328 29.96303
17.90607 23.42631 21.51855 20.37965 17.82224
23.58543 19.9299 19.95 18.03112 25.23352
20.83027 13.10679 20.47978 17.20283 19.1996
18.69093 13.87388 21.82357 21.12682 19.43826
19.82877 24.0227 20.50775 18.80485 23.06652
24.24463 18.08219 16.19119 24.05705 23.05581
18.39548 17.26542 21.61726 15.5044 25.85892
18.2347 18.08164 20.79579 25.12454 17.72878
21.12361 14.42673 19.9341 20.40389 18.12337
18.01237 22.52671 16.15988 15.06268 20.46984
21.77527 20.47069 19.67485 21.90303 22.03732
25.78286 19.77741 19.79803 18.15219 18.93397
23.86425 21.38637 18.81537 19.75448 16.41005
21.88809 26.33245 22.30112 19.47268 18.5818
21.11956 22.8707 20.09024 18.83719 22.45924
25.56751 18.41318 23.73348 22.70645 21.6619
17.85985 19.83781 24.71374 18.05263 18.13403
20.06921 26.01652 16.04046 23.76207 20.46333
16.68081 22.42553 18.70082 21.68945 19.17237
23.09271 19.11747 22.3287 23.06277 20.18296
17.28483 21.14791 20.11743 26.69455 25.69179
18.68114 20.28229 19.81787 20.40011 19.40042
21.78641 18.84691 24.08483 22.78267 18.52394
19.11594 27.34956 19.18046 14.58779 22.88722
15.822 20.33309 20.81739 23.99315 18.51912
20.60853 19.06697 22.65986 17.58382 23.95496
20.49804 23.55163 17.79578 19.83237 20.45499
19.95062 22.08301 19.57695 20.47986 23.07511
21.23707 21.63589 19.42387 16.27786 23.43875
14.74133 18.75465 16.71711 20.41119 22.92028
19.84645 22.454 22.55965 19.88753 21.6497
22.41967 20.37869 19.52179 19.98541 18.48069
23.06372 19.11128 25.19382 16.2709 17.68751
19.50885 18.71595 17.94037 23.39538 18.23139
21.85257 19.19568 22.21576 17.71393 20.26971
22.40087 18.64253 22.82351 20.4261 19.18342
13.74362 23.35521 15.99605 22.06439 24.86348
17.42957 16.72352 16.41675 23.79541 20.50578
19.11515 20.14413 18.02323 20.96314 16.54023
22.99016 16.99366 22.73232 18.54962 18.86727
16.14321 17.77708 19.86865 18.40855 16.86221
22.43622 23.03085 13.78134 23.4912 17.81705
20.78944 24.22999 24.1244 19.39431 19.2214
21.18595 16.34096 23.69521 22.6762 18.54661
20.56562 15.41763 22.89709 15.67976 19.86551
19.97444 12.12711 17.59527 21.1171 20.45795
20.34353 20.62969 17.52456 26.31091 23.95564
28.08256 22.63549 22.4534 21.24055 19.76149
22.10342 22.25284 25.95863 23.68167 18.14806
21.84439 20.24517 21.23631 17.74652 29.00555
19.98438 16.10921 19.41844 20.10227 13.02684
17.30258 15.13808 20.4132 19.25722 18.72445
20.63673 24.3666 17.92098 20.92098 28.20852
19.18978 16.94026 16.89131 21.40635 18.27527
25.03246 17.3049 17.02092 15.76162 21.09254
21.93243 19.63228 16.80741 18.75383 17.33526
20.36041 19.76814 18.865 25.71039 19.13985
25.6625 16.52609 21.33689 19.20347 22.55537
27.08912 20.45423 21.42597 19.88264 23.27031
22.38838 17.24697 13.7231 17.88585 23.35527
20.8861 26.22475 20.01433 16.75665 15.94704
26.8606 20.00537 17.53567 26.34695 15.82727
16.67967 21.13948 24.26693 21.04923 26.93133
15.9323 21.29161 24.79918 20.04601 22.27791
15.27127 18.9852 20.58407 17.66197 19.15043
15.39061 18.73062 19.04979 24.24957 19.29828
18.82507 20.11921 22.09301 19.52613 19.21209
22.20072 19.50561 20.54045 18.98818 14.33966
20.4534 15.93905 17.37962 17.91899 17.92766
17.36579 16.0431 17.62761 23.0173 19.51846
18.56246 25.12326 17.91211 17.76783 16.87786
20.52014 17.90522 17.04689 17.999 18.54486
21.68415 14.37683 19.59945 17.69533 21.44212
22.5201 19.03692 16.77011 20.97321 18.98682
18.34297 19.77745 15.44305 23.19374 18.73461
23.78099 20.08714 22.96489 19.79036 21.09013
18.42958 21.95469 24.21033 22.43391 20.84472
22.31014 21.95405 19.83912 19.45801 19.68851
18.5251 20.494 16.99104 15.06253 17.01463
20.19912 24.78206 19.64399 15.92123 18.99929
22.39402 19.27072 16.98793 19.14663 22.87131
22.35951 26.67124 17.44307 20.78625 21.90835
20.78494 19.12535 24.50211 20.72364 17.44772
19.28447 21.87102 21.40561 22.95782 18.90051
24.1541 17.62244 20.13737 17.11255 22.25636
22.21865 22.77765 19.8965 23.78391 14.34025
18.66929 22.70739 18.85096 19.54611 19.51686
25.46516 23.858 21.53825 19.34328 18.81723
24.37635 16.5099 22.27172 17.37745 18.98094
18.8544 18.76788 19.68658 24.18112 22.88225
22.15595 18.11376 23.63613 19.75162 18.7666
22.50685 21.26025 17.6071 16.09575 25.71346
21.20063 18.12405 16.96564 18.32894 14.22203
19.4859 16.68386 14.07882 16.67732 23.28975
20.39704 19.30112 14.155 20.97436 22.51414
18.99762 18.46594 17.13842 23.59958 19.82582
16.73873 10.21004 20.07491 17.82485 16.01268
20.71693 21.93615 17.02257 23.17965 19.01945
18.62835 17.69155 18.905 21.07323 18.51471
26.99943 24.44399 19.10439 20.9222 18.67208
18.34933 19.60791 15.58315 23.83231 17.36728
22.05565 19.87144 24.8435 22.71815 18.36266
15.58579 19.69557 22.77567 18.42817 18.1497
25.14821 24.67094 26.04468 23.70036 20.431
22.78422 18.71011 15.7634 14.45303 17.60338
21.57975 23.07348 14.51531 19.54341 18.57148
23.0078 20.58033 19.07225 24.69153 19.58733
17.69495 19.99974 15.37722 19.71661 16.95182
20.13666 26.82543 20.46597 17.92674 20.18197
23.15167 16.84071 18.40682 22.57918 23.98123
22.333 19.41232 21.23755 23.65257 15.83224
23.02521 17.20342 15.37683 20.78984 16.51865
20.23613 23.38036 25.95436 18.13884 21.19911
20.49609 12.30831 21.98995 23.00699 17.35064
17.87654 21.1394 21.06902 20.69983 23.59986
20.44262 14.01641 22.25695 18.65149 20.14473
24.3682 20.62211 14.64835 20.57118 22.51485
19.49627 16.44041 20.21791 22.73604 20.89762
17.49253 23.69929 25.49424 21.09202 18.27581
17.57621 24.57945 23.71714 23.76075 19.89155
18.98865 18.93763 16.51865 20.17124 22.78066
18.926 19.77235 17.95306 20.84099 24.85373
18.06056 16.56285 19.37105 16.96927 19.59728
19.62294 16.3287 15.64472 21.83184 19.3776
17.96701 21.68234 21.34117 23.06955 22.56324
17.77086 21.69201 22.10229 24.33984 23.92632
16.29878 24.87426 19.0306 15.60812 18.69065
21.87198 23.64985 20.24837 21.86428 21.52354
23.24411 19.02171 17.06468 21.1683 22.93648
24.11725 15.26315 19.39992 21.80035 15.42473
13.38893 16.47159 21.74529 18.83741 19.46651
18.0181 18.8967 28.15215 20.91576 20.62292
16.16725 22.30733 17.0235 23.72266 19.819
23.18115 19.27598 17.85778 23.79665 20.38949
20.5877 21.93624 19.82753 22.90638 24.10188
22.22461 17.84131 22.62669 23.85748 18.33195
21.23226 16.74331 13.95955 19.68062 23.30615
20.68672 17.64423 17.18655 15.01552 14.82207
15.66199 18.77149 20.89673 25.81191 22.48777
19.46383 19.53298 20.95657 13.65243 22.7704
13.55508 21.50755 18.93132 21.95214 25.15559
25.91995 20.82909 19.83481 14.46323 27.48393
22.786 20.19087 18.55662 21.83465 18.61654
15.96739 21.15857 16.86309 21.16647 17.87263
22.97547 18.92135 21.72998 24.65629 21.15277
16.31148 21.74548 19.97675 18.30676 22.21254
23.41513 19.60664 16.36994 22.03256 19.44494
19.34882 19.44693 19.85408 17.74162 17.91463
20.14917 14.18894 21.60333 24.08325 21.49531
14.9384 21.9842 24.91833 19.38839 14.26597
16.48601 17.82491 21.07992 15.51074 17.17049
19.76898 21.54806 20.09305 26.38944 17.33777
22.06343 20.94445 22.82564 20.1538 22.53815
19.24791 19.75118 22.05226 14.81547 20.62498
22.33273 30.09721 21.08792 22.87241 21.20338
19.38541 22.99644 19.10517 21.00393 19.94817
20.22031 24.24274 21.62297 21.78023 21.57237
23.48427 16.31536 17.19242 20.96207 13.16013
23.05433 24.21176 16.10549 21.81982 18.37937
14.86247 22.37091 16.33323 17.31544 20.78721
15.82345 19.64482 14.60448 20.98861 23.81961
18.71568 21.6741 18.74534 20.93452 22.08898
19.26093 15.39973 18.12548 20.27443 16.34072
16.51315 18.72082 15.32973 20.44487 20.24045
20.55005 20.38373 21.84104 12.20556 22.84134
23.74529 19.31514 23.21315 21.7413 15.53572
19.29328 16.47523 21.71979 18.62792 16.60337
16.4377 18.46602 19.1967 13.87474 16.73449
13.3425 19.15095 26.76424 14.75156 19.06487
17.0365 19.36191 14.88661 18.60612 25.44856
19.01969 23.635 22.20583 14.55922 24.2744
21.85546 16.491 24.0204 21.22272 19.80828
19.3275 16.4709 21.26816 23.37576 24.55184
19.67125 20.42656 18.85106 22.30511 23.93811
24.90787 21.12287 19.20041 18.7108 23.36564
17.9377 22.31947 20.03324 21.18402 20.92446
22.20088 19.00144 22.63822 23.85718 21.53468
19.51731 17.87355 22.07155 21.12948 21.19288
18.77964 19.78713 21.40916 18.87849 20.88395
24.9943 19.41471 22.12528 20.26163 23.9379
20.30625 21.04897 24.5293 22.16762 18.67584
24.33536 17.42527 18.30808 17.51652 16.42144
25.77159 24.07737 16.87959 23.27747 15.74987
17.65834 16.71743 21.13838 23.14945 21.6164
23.30079 19.22551 23.43464 19.80714 19.77997
20.07785 14.79558 25.1566 18.71506 17.38837
16.64255 22.30367 20.38353 16.33658 18.43316
18.14695 22.08075 20.94127 19.72616 26.52671
20.22445 24.40601 20.96066 20.17186 20.70328
25.76626 17.63396 22.56194 17.76963 23.60045
22.93284 19.66334 15.30967 21.66486 20.08136
20.33522 23.46446 19.39874 18.86786 21.93834
19.37266 21.7896 20.97424 15.06115 20.33208
22.02224 17.54823 18.11876 18.92025 17.94512
18.79035 17.31334 12.30835 20.97787 22.59254
21.97072 12.59074 24.59991 20.24908 20.85508
20.06388 16.29956 19.25391 15.86403 15.61489
18.67753 23.06214 20.97261 22.87963 20.52129
23.12202 23.18164 19.15261 22.36292 22.81621
18.85528 24.92269 20.87453 25.39603 16.42615
21.42283 20.2991 19.55973 20.56298 17.89627
21.93788 19.36263 20.92226 19.96513 17.41354
20.04319 13.3351 19.31469 19.29566 21.02631
14.74654 19.053 23.8079 20.18123 24.02539
21.78617 23.84049 20.90053 15.2924 22.91461
17.01261 14.90251 20.40565 22.7112 22.20058
17.95386 18.02919 19.85998 19.8553 16.79137
20.07435 24.2811 20.69276 18.09342 14.98297
25.54554 20.45166 26.58988 20.61186 20.32305
17.57129 15.60191 18.69249 18.19588 17.1974
20.31123 16.65876 21.67025 21.79162 20.25542
24.18118 21.84274 23.46872 18.68007 22.83112
15.90339 19.48955 15.38167 15.12236 17.88012
17.00551 18.94464 21.27068 17.65011 29.00142
17.50934 16.65765 22.77385 23.65353 25.19488
19.94737 14.52702 16.11493 18.39194 22.80695
16.10407 21.05532 22.31252 21.25942 15.32685
21.80641 19.62092 17.78348 21.89452 17.9923
17.83285 19.37967 23.03663 19.10691 20.78371
20.71754 20.45349 16.60457 20.66893 21.73168
26.23009 14.9448 23.03837 16.47746 20.43823
16.99177 21.76099 23.3837 19.80817 18.03567
23.19777 17.47327 20.29936 21.58938 18.54177
17.7338 18.69846 25.78913 23.49497 21.3922
24.54488 20.14218 23.06336 18.15372 19.68527
19.6348 21.35689 17.05227 21.96017 20.94574
21.56709 23.67378 19.10489 16.09388 26.9582
19.66097 22.26132 25.24861 15.04956 16.34197
22.17701 21.6339 20.66588 20.36361 17.47582
23.33586 22.21125 20.20244 23.90816 20.56233
20.39353 23.23711 22.23124 23.81242 18.88368
23.77678 19.30385 22.53524 22.21362 19.17191
21.12359 15.9103 21.34637 17.36184 16.01328
21.91913 28.30152 20.57405 20.33753 19.33061
17.97413 16.53072 17.79547 18.36164 16.56641
23.84561 18.0443 22.38572 21.76449 15.74579
15.66725 20.25591 21.1467 21.52667 24.27599
27.25904 13.08591 18.19835 17.90683 22.98586
17.18219 18.73584 20.9932 19.32607 21.01341
19.74061 17.15016 23.02325 21.66283 12.31686
21.07136 24.31882 16.36499 22.6391 19.95905
20.42225 25.25862 26.27674 22.52915 23.34044
17.46905 18.65795 15.77098 15.57071 19.05433
16.54126 22.51412 19.93752 19.09574 19.17826
15.95413 15.91446 21.37312 19.04179 14.90504
19.22193 23.7905 16.804 14.39055 28.4383
18.74352 22.25147 20.2743 17.58051 21.47523
23.60205 20.60707 17.62806 15.15155 23.51844
19.43041 21.79926 17.38028 24.17891 17.56681
17.05663 17.75958 18.76524 23.32572 17.21321
18.81478 19.54455 14.46693 15.68378 17.17576
22.7862 18.45977 19.80605 19.98956 20.23636
19.9919 20.03008 20.71048 19.70356 17.87251
14.07591 19.43149 26.62148 23.64159 22.7271
16.88092 22.02098 21.30604 20.75137 23.99976
16.58758 19.49828 23.39024 20.62707 19.14081
18.76565 19.32403 19.55527 17.4281 20.00912
21.98478 20.04608 26.54344 19.70276 23.06249
20.51692 18.06875 21.85578 17.04416 20.87204
28.88087 22.37602 19.76542 16.22467 18.97096
18.45804 17.63628 21.70731 22.94492 18.87422
21.81224 17.1769 21.61823 24.47937 23.51897
23.15341 21.27625 22.9523 17.72932 15.03383
16.76267 20.20831 24.5015 16.50974 17.05177
16.05032 24.02573 14.09364 17.39771 20.90038
21.90257 23.27879 21.2452 13.06818 14.41146
18.47861 19.67635 21.31621 16.78501 23.98111
20.72572 23.46826 20.38642 19.99558 13.88408
14.29446 15.81864 18.72859 20.76657 17.31896
24.61123 16.92057 24.38342 19.28387 19.01992
22.91586 18.33111 21.86185 18.91689 23.73432
25.44686 21.30854 22.45784 22.67313 14.1989
19.35765 22.49606 16.36089 20.39271 19.91349
18.1413 22.05605 21.46434 18.02998 24.10579
18.17765 13.1527 23.33562 19.35675 19.31977
22.10897 18.76236 15.09262 20.75338 19.70916
19.22503 16.10158 17.85781 20.78817 16.59024
17.77275 21.57069 20.78138 21.38783 19.20041
21.41241 18.10492 14.38113 22.5398 22.15714
19.88004 15.96301 23.08952 14.1912 19.35513
19.44537 22.01567 9.941211 21.44603 16.43897
19.81628 17.43009 20.2702 15.07477 20.13472
25.07439 14.62401 15.73447 18.95943 23.543
22.14621 22.78488 17.51533 19.28335 15.6318
21.2501 16.33263 16.43207 25.39081 20.86561
19.00298 20.21112 21.34597 22.08218 19.98087
16.2112 16.49531 18.61725 20.77251 19.0687
18.2853 20.76187 20.59953 20.25695 16.87074
16.57083 22.54509 15 20.33229 20.36691
21.97346 19.41678 23.30105 24.73757 19.57708
19.4239 20.56025 19.62986 22.54844 19.52124
20.02377 18.20168 20.52463 16.37688 20.40502
24.28679 18.74985 17.16969 19.46014 23.29539
22.18235 21.61886 17.65382 25.62988 19.73618
19.25703 24.07952 18.52017 23.52719 13.17221
23.19242 21.14206 20.03722 22.86692 22.55901
20.63385 24.12881 14.57214 17.54181 20.95238
17.88191 22.17596 19.79197 16.64669 20.86463
20.3937 21.5097 24.36051 19.86396 19.23265
17.28196 22.27483 19.02185 19.39299 24.49513
20.48791 21.64429 17.03585 21.49673 15.22449
14.00866 22.72731 18.68867 18.84734 20.6688
17.32386 16.67936 15.31578 17.537 16.17102
21.79564 23.63464 28.36248 19.84622 21.88309
14.0801 22.17615 9.650152 15.45213 22.36337
22.76721 21.35668 19.25942 18.12452 19.059
20.01081 17.04723 21.7142 18.63349 17.03329
17.83447 19.65834 21.12509 23.74869 19.88982
21.10719 19.72311 17.92174 20.03639 20.15952
18.77824 21.3277 18.80415 20.93338 19.7974
18.3137 21.17623 20.69724 23.9906 24.33052
24.21269 16.7342 20.51788 20.90946 18.42581
22.04998 17.15735 22.83443 16.06233 21.96022
14.93004 20.78629 21.47376 16.62581 27.43999
22.70724 16.82819 17.25352 18.23438 17.63507
22.06812 23.17499 17.1217 20.60432 18.95803
21.73465 18.70826 17.97467 17.21989 22.66152
15.77231 19.77148 21.40234 23.49787 22.23037
25.95928 24.00944 20.01311 20.49563 17.03737
19.94517 14.45565 20.16481 22.25466 23.2286
23.03979 25.38987 22.81187 22.38181 20.11008
20.00006 23.39581 19.00044 24.73722 16.73729
18.23332 21.15412 17.2313 18.50774 18.4968
19.95975 24.41154 22.23838 23.1143 21.23801
18.27652 20.0748 26.08106 19.08353 17.65623
18.10275 17.35017 25.37146 19.24328 22.19961
20.83729 24.89504 17.17168 17.48257 18.79797
24.88719 21.28629 14.4037 18.7069 22.58058
20.44091 24.82418 22.89787 20.94952 20.08671
19.447 18.46808 16.80966 15.79345 24.1923
25.05315 25.39847 19.10159 22.5459 19.91397
21.82786 22.53454 21.25568 21.1435 20.71293
16.25541 18.75444 19.85027 20.68648 21.99501
16.2347 19.26246 19.4667 22.36728 22.93597
19.03799 14.95318 19.80832 16.42018 20.92854
14.12226 17.16226 20.22633 20.0195 23.67169
14.53515 18.61951 19.41457 21.74564 20.24405
14.39748 26.82339 18.08651 19.2151 23.56322
20.16144 19.61422 19.96273 21.31261 20.68915
23.1728 18.77706 20.73428 20.29094 19.72176
19.58679 19.3923 21.36325 20.54874 19.4136
17.41314 23.22653 23.37207 19.52037 22.30995
11.66776 21.05389 14.17603 22.57962 24.33519
16.15914 20.7895 16.62256 20.20951 19.83239
24.47604 16.11993 24.24446 21.58919 20.85725
20.58831 18.01485 28.90172 15.69563 22.8336
18.52118 16.09428 18.5487 19.3084 21.50469
18.01057 15.76129 18.63455 20.81615 19.04621
19.11085 24.25532 26.30711 13.542 19.34758
22.20013 16.32176 19.61738 18.58067 15.63594
17.23101 17.20594 20.22791 18.34795 22.04606
19.69872 19.0935 16.01154 19.85471 22.99052
23.83139 18.32332 16.40964 21.04666 22.03539
16.82227 19.78499 21.15947 21.51072 17.49114
19.6275 25.31281 24.9003 23.28147 20.51695
19.6455 18.37604 22.31611 23.91813 17.5947
23.93582 18.98115 20.20136 18.5433 15.75904
19.60932 19.11491 20.05808 20.62029 26.53747
20.05892 18.34212 20.08469 19.60938 21.63392
17.41566 20.44477 17.95959 23.89938 24.62942
18.12924 16.46059 20.56476 18.71708 25.08671
17.23999 19.4807 20.11014 19.73611 21.31366
14.8438 24.21698 19.9309 22.60403 17.34684
15.57058 23.63828 17.02151 19.45353 22.0473
25.37545 12.07295 23.62748 13.75949 18.89432
21.92792 17.85057 21.66269 23.21511 24.55736
22.29404 19.66854 15.38365 19.80814 19.6701
21.61104 15.58124 23.35624 27.14159 20.37465
18.98729 24.74345 18.12232 21.01386 20.58014
19.06983 20.25335 17.68212 21.7019 19.50126
18.7985 20.82448 23.50879 17.73434 20.06113
21.01427 16.4635 25.06069 25.98732 21.66289
22.50354 16.31176 21.97353 22.25893 21.00333
22.83839 20.78502 19.74157 18.9429 19.02728
23.55963 21.2235 27.53009 21.40157 18.80149
20.66101 21.75459 17.50029 17.18193 15.38988
22.02505 21.96429 24.45223 17.46348 18.76868
17.70917 19.86036 25.06252 21.9047 14.64188
17.16245 23.189 18.56061 18.09364 18.49711
17.63031 27.15997 25.51183 18.4507 22.99177
23.07456 21.77085 15.06174 21.00059 15.18325
16.3186 18.30422 21.53122 15.97774 21.73041
22.74233 19.59143 17.41106 22.08551 24.19145
18.08664 17.15001 19.51371 17.82208 15.14247
20.88532 22.85882 19.28479 22.03189 20.37285
20.48805 16.94198 21.83426 23.1945 21.66753
19.24814 18.14879 17.31997 24.15971 18.40103
17.03522 19.64235 16.49908 27.07044 17.38248
20.23483 22.85897 22.23667 22.01769 19.97928
17.48856 22.17066 22.81017 20.73579 18.46474
17.93583 20.25094 23.84336 19.95819 18.95219
17.77282 20.33458 22.79276 19.02018 16.51853
20.46146 21.88474 20.21752 18.32725 20.35096
25.32256 21.81632 20.87171 22.0566 22.42565
18.17816 19.64254 22.57226 20.08772 22.9471
12.60062 22.52112 21.00458 19.36599 19.70532
18.89832 19.00242 18.57235 17.58612 17.74711
22.05572 21.65492 16.41449 19.23908 14.86175
19.67183 20.87138 22.34141 24.79649 20.40007
22.58785 17.23635 18.17612 22.16231 18.63684
20.18212 18.66135 18.79688 19.6256 20.91311
22.80096 22.968 15.83776 21.56857 16.23708
23.56098 24.5791 19.22542 18.7353 15.6812
13.60936 18.61765 24.31109 16.21888 24.03046
18.8501 22.49289 18.52297 18.71301 18.62982
16.9052 17.22841 25.50163 21.76352 17.81085
25.74915 14.11033 16.39012 30.67288 21.44706
17.61314 23.46017 15.63145 20.17199 15.93666
16.58506 17.08125 23.6932 18.18282 18.00275
23.39224 19.91233 21.18818 23.31654 17.93094
25.70275 23.30919 22.84268 21.20606 18.94787
22.54536 19.96058 24.07578 17.0189 19.52348
20.08838 20.39389 21.64774 20.04602 20.2353
19.40262 23.99533 15.99841 18.63593 20.90649
22.39083 18.52993 18.82845 17.31896 18.97525
16.11198 21.81933 23.0017 18.70199 23.22413
15.34588 19.05765 21.606 17.01096 20.90051
15.96262 19.2662 16.25841 25.4835 23.38029
27.84947 20.52378 19.63641 23.90335 17.40339
20.39638 21.36008 15.22648 22.5347 19.65647
19.29249 15.18435 17.84141 18.05023 16.04472
25.12154 20.92723 13.96828 17.59715 23.81319
28.75162 20.08128 18.58422 24.06916 18.72392
21.23135 21.83532 15.12715 16.86729 20.79682
20.17999 23.44163 21.92563 20.28538 18.68363
24.04225 16.33033 22.9198 23.94533 20.5165
15.14724 23.23799 17.07309 24.12976 19.69621
20.91209 16.29712 19.09282 17.46994 19.99342
20.99737 20.66885 28.53172 22.07873 21.89207
17.46663 13.61753 23.31072 16.63475 22.83778
16.36845 21.73154 17.05535 27.06006 19.17986
21.79788 22.00259 16.16635 17.83703 18.42274
24.83558 17.52008 24.00942 24.58601 21.1405
15.59526 19.64331 16.97206 12.17477 17.34397
19.13023 21.22333 15.35418 24.51737 25.3439
18.67589 19.80095 17.0336 16.31765 21.89197
17.41494 24.32747 17.68046 20.11501 22.6438
19.98367 17.23225 23.21098 22.73174 16.92086
17.10994 16.73693 20.51993 19.20859 19.16779
22.55657 23.13668 20.38188 14.68363 17.38648
21.0455 17.25328 18.65924 21.0998 23.98202
18.9439 20.2851 18.25406 22.81522 19.54291
25.40706 19.26939 15.86327 25.45652 22.36552
23.00492 17.35668 16.21174 19.54028 21.13923
18.95272 16.45335 22.90351 14.68916 20.67658
22.36451 22.14594 21.00529 24.19924 17.08789
19.17897 20.66937 20.89978 19.53007 19.16987
17.23185 17.44234 20.54326 23.57711 22.63047
22.06401 19.5486 13.57764 21.46141 21.37582
24.01767 20.58569 18.95078 24.30656 21.39216
20.22808 15.61906 19.33489 13.97047 16.16144
23.8456 17.94057 15.50111 17.79564 22.22308
19.09876 25.43971 20.88147 19.17625 20.55397
17.70646 22.09262 25.18479 20.98279 21.50821
22.82371 20.902 22.80507 14.60593 14.82399
15.43915 20.04629 18.446 22.59347 21.2217
20.46293 23.44989 19.5527 18.82648 16.13701
16.47603 20.1657 22.9973 21.17525 20.06118
17.2048 25.52391 18.97213 18.39038 18.58557
17.21011 23.24598 20.497 20.79271 23.76515
17.59814 18.0583 16.95679 16.77071 18.41604
15.79322 20.67379 23.96755 19.95335 22.04019
18.80767 19.26509 24.6073 17.69006 18.52114
19.28504 22.10152 21.3624 21.75142 19.12902
25.50714 20.19955 24.59301 20.29354 15.58419
18.36512 21.31703 26.61837 21.48799 15.28769
12.15015 19.3179 22.55808 17.70892 19.09029
21.91834 19.57075 18.80796 18.09489 25.02015
18.71286 20.65045 20.90169 23.76104 21.46586
23.41573 16.227 18.26758 14.04428 20.9545
21.93389 17.3482 21.10053 27.7247 25.58557
19.60753 22.48591 18.39082 17.89201 20.90637
19.87214 23.12658 19.18914 21.78485 16.89743
19.6329 23.64166 21.6571 19.28852 24.28561
21.97732 20.01821 16.72045 18.92067 21.50578
20.06039 21.2594 20.53321 23.42087 22.20452
24.95526 12.72884 23.53163 18.74642 15.2911
15.30469 19.4076 17.5861 15.77417 15.11545
19.85004 21.67688 20.60162 18.2905 23.21267
19.08871 17.31681 24.91721 11.10212 22.62417
24.09438 20.74751 19.66634 20.7917 21.89422
18.66208 22.03624 18.42084 24.48444 20.62024
16.9153 18.69796 18.48423 21.35909 22.07646
17.78899 16.92062 15.39609 20.63624 18.99796
17.05327 20.47452 20.4001 20.62321 15.79859
19.41723 21.3861 20.43871 20.62813 17.40499
19.88344 16.44396 19.81909 21.24216 18.26062
19.14081 17.59368 19.99584 22.32334 15.27464
17.1504 23.19701 20.65374 18.11262 20.53202
18.48537 18.71697 16.80439 24.46511 16.16411
18.86939 22.19536 20.0085 14.6785 17.00481
17.98255 20.39783 21.61992 21.44567 25.36685
22.80326 17.82942 20.84273 18.41973 19.13244
19.88461 20.95981 21.98239 18.00084 20.15577
20.90657 18.15643 22.02281 21.26384 21.1475
16.74302 23.53573 19.48708 18.61632 19.3422
18.14124 18.64411 24.24661 18.89722 19.47236
16.63954 21.47961 22.86323 13.71177 13.78978
14.1593 17.76873 22.34601 15.86839 17.85176
17.60278 18.86961 20.28251 18.2213 16.22963
23.58957 23.24543 23.43957 23.82339 23.16848
18.26604 25.09767 17.19184 22.17679 20.6402
21.40424 17.66393 26.98731 23.40935 21.08644
19.21823 19.47743 21.86389 21.41179 17.6509
21.61261 18.69249 16.0937 18.82664 17.46838
17.88553 20.13297 15.31577 20.33865 17.62017
22.98046 13.78898 18.45012 22.186 19.51783
22.30679 21.31602 18.02577 14.53774 16.60372
23.49394 19.65651 17.05351 19.78834 16.84063
23.03311 19.97724 16.75533 22.77441 20.22453
20.02443 20.17034 21.18624 18.9337 15.94891
18.17033 23.21861 19.06408 23.2357 11.98737
24.15161 17.19149 20.37662 18.70533 21.19537
22.52742 19.09313 21.2138 24.41908 19.78939
18.3941 15.90466 22.08811 20.49039 17.7947
24.31658 21.3491 19.33821 18.28223 19.38205
18.7774 23.3216 24.12357 20.08832 22.42016
24.00353 26.85984 22.21988 17.71048 19.68496
14.5663 18.22988 19.69492 20.93803 18.20828
15.27648 18.66456 19.04955 15.32735 19.19332
18.06069 19.49774 23.25529 25.05152 17.20431
19.45326 21.02393 22.10248 22.31809 22.28444
19.37707 16.52685 17.92652 18.40591 19.18607
19.61215 17.57366 18.12554 18.10257 14.67241
17.83203 16.37749 19.97899 18.44785 16.8642
17.37771 14.42972 23.16556 22.94874 19.55478
23.83465 18.49661 17.34523 21.51244 18.13346
17.32221 25.76846 18.40258 21.97123 22.38024
19.31516 19.9075 24.30317 16.95513 18.73389
20.20803 18.48571 19.70269 19.52806 17.96475
22.52056 15.3633 21.58012 25.66925 21.54905
22.5242 24.24524 19.36659 22.13913 22.83973
22.26192 18.776 17.86432 17.0277 24.95353
19.87805 21.21016 25.57931 21.71153 21.41981
16.98586 17.42647 24.76842 18.26026 13.70299
22.26951 18.79226 17.31271 23.19363 19.68594
20.45517 17.55762 18.6711 20.89092 18.04438
24.29462 22.46185 19.05878 20.67612 16.67985
18.41149 19.91313 20.00531 15.85863 24.45596
19.02763 22.08738 20.11639 24.03681 21.36
18.40099 19.94104 13.98712 20.41742 18.75556
20.11385 21.85938 15.26861 15.83386 17.93945
21.4049 21.19912 18.86121 14.78529 21.13384
18.99259 19.61223 21.94116 19.47512 18.97712
23.32494 24.03598 24.63411 20.34837 22.28136
17.65626 22.67832 11.97794 21.66817 21.56129
22.96068 18.75465 14.93064 22.89984 15.03081
25.72013 23.03698 23.14706 21.81055 13.63081
16.65227 23.70607 20.53538 22.30799 23.13428
20.45052 24.93162 22.7599 16.84829 22.92275
21.2602 20.43202 18.81034 19.37403 15.09115
20.31976 20.83572 19.76792 17.89043 19.01996
15.94113 18.4323 22.79337 19.04561 23.19464
19.93725 21.63244 19.59189 18.8788 18.19868
21.17087 22.69965 21.35386 22.10845 20.55376
22.79983 15.17578 20.90803 28.54312 22.98847
16.02909 20.19836 21.96115 21.28016 22.12884
21.33105 22.60564 22.49339 20.30042 24.17987
23.6485 18.92564 19.45451 20.65554 21.23663
14.93588 19.89081 20.68884 15.08362 22.70725
22.18322 17.14874 18.90676 16.53181 16.13676
20.56828 12.36146 16.85866 14.9656 15.89906
20.19862 19.85775 18.54456 14.68921 28.08307
18.31656 18.12421 18.15113 18.37724 20.52786
14.51562 17.52777 16.53939 22.60703 21.79476
16.28943 20.60721 20.88818 20.6522 23.64839
21.65419 19.89684 22.23445 22.61739 17.77613
19.06581 23.76367 22.19844 20.28622 19.51526
23.53044 17.41898 18.81589 18.77939 22.31265
22.42576 22.27158 17.68098 23.71341 21.78617
21.75895 20.88782 21.31141 20.28036 24.9738
16.99602 21.54943 19.23727 24.4175 16.7726
17.70905 18.85977 19.90555 24.78979 18.42686
16.13905 18.60093 13.93341 16.77312 18.41474
20.63609 22.36012 19.91756 18.66838 20.76285
17.74617 21.37337 25.41427 21.18367 19.10078
24.15322 21.26257 16.56852 16.09468 19.07725
25.8709 19.17485 16.76834 20.99478 25.82377
19.47323 23.26373 16.65779 19.97744 21.61192
23.60059 18.01354 18.82843 14.79859 14.79705
22.03468 26.81075 18.71768 23.39007 15.26304
16.69684 16.81817 23.04987 21.6041 21.24061
19.04035 25.18619 20.77705 15.38511 19.91397
18.02628 19.58369 15.55908 18.60855 26.53547
15.83983 26.39038 23.86589 20.93231 19.86816
28.86482 16.5326 24.59245 24.12511 17.00566
17.42458 17.03497 22.56062 19.73919 22.60915
23.80567 20.54996 27.51524 15.04687 18.86515
16.24581 19.47061 18.23204 17.95143 19.81937
20.63603 17.01795 20.55463 22.1155 22.12352
17.91737 16.96898 18.53212 22.9232 22.00891
20.33895 20.17729 18.73093 24.93837 27.36339
13.07276 19.12888 24.37438 16.37333 18.58402
18.04161 18.45318 16.42327 19.41066 21.29709
20.23648 21.94396 20.97722 17.68588 18.02922
17.21842 17.99475 27.37811 22.34298 21.65894
24.08536 19.29788 18.21192 16.35147 17.02173
18.36352 18.58649 19.21593 19.62667 15.59058
18.74073 20.47054 22.9268 22.04819 12.61437
20.3059 16.96402 17.51422 20.05739 24.19447
17.77791 17.49209 24.46937 19.01306 23.92321
19.73291 17.59288 20.68707 18.52654 20.33424
23.48817 20.34402 21.99981 16.39876 17.90568
16.3456 21.20407 17.43492 18.15092 23.18451
20.36877 17.00662 22.92912 26.44971 20.5486
19.64972 17.71859 22.29925 22.76577 18.02434
24.71407 17.91624 18.68474 22.01993 22.54296
16.13084 15.61727 22.39419 22.71907 17.02253
19.14492 18.3893 17.87053 21.12418 16.77327
20.22808 25.49129 21.49381 20.08484 18.48421
19.3517 21.69834 17.51049 23.38217 24.77153
17.37604 19.99585 19.29309 15.93674 21.61494
24.69826 18.62469 17.96465 20.48255 25.91008
20.68259 20.43841 21.14577 22.00169 19.52288
20.40838 21.64292 15.18679 22.66179 23.96666
13.27055 18.91993 19.62784 20.06513 20.49275
21.15671 19.60204 24.42818 21.84849 21.10742
24.95975 17.7252 17.99815 26.46695 18.93879
16.55175 19.17443 17.99244 26.41073 15.78062
18.96258 22.50215 22.75691 14.87494 16.34168
14.30462 25.72995 23.25706 22.71436 14.19509
15.51259 19.97975 22.74832 22.8383 16.84742
17.08783 20.59732 19.09669 19.79668 20.20791
22.43457 19.09126 21.04661 23.13176 21.86592
23.00128 18.04439 20.12154 20.07208 19.37721
17.88598 19.07773 24.80562 28.97971 18.59807
19.99459 16.75368 20.80075 21.58898 25.41807
23.54611 15.92743 17.59666 14.95955 19.04834
21.68013 24.82787 18.89492 20.89019 18.53477
19.09187 22.5785 15.12171 19.45933 23.59745
19.05303 19.84219 19.75699 25.12639 18.59358
23.90526 19.90409 17.21911 15.39576 22.94751
19.21372 14.27277 21.28683 18.44862 21.66003
22.67834 15.19522 17.73714 23.60651 18.13182
20.29053 19.79989 21.95628 23.52578 15.99662
21.99053 21.23775 13.89639 23.54302 20.61799
21.65454 17.48438 18.29749 16.40527 19.99426
27.9971 20.4228 18.99147 22.14999 21.79001
14.90884 16.30538 21.93785 18.55944 21.57241
20.22201 20.62623 16.01383 17.18319 16.5946
23.42231 19.83049 20.3747 26.63146 19.63999
19.69011 15.97166 12.68059 19.96705 19.61671
19.70483 21.30485 26.09409 25.38805 22.83234
13.20714 16.03742 21.53265 22.77355 18.1914
21.07614 22.70227 13.82366 21.95415 21.36429
21.64962 23.50972 22.27929 14.82517 15.94009
14.22178 11.3961 17.04791 19.20367 19.71394
21.18368 22.8474 19.92803 21.50531 19.37124
21.28411 22.81983 16.40177 21.26044 21.43749
25.20461 20.10673 15.99397 17.81612 16.51687
18.64211 22.4832 20.4731 21.71867 23.67955
17.52399 16.11857 18.74297 17.50005 23.5751
20.14611 24.59396 22.97621 21.51508 16.01833
18.88491 19.11543 17.29943 22.85849 17.60047
21.90277 18.0142 19.14639 23.25638 20.18634
18.00405 14.74106 19.75653 23.50546 23.01529
16.84793 19.02993 18.07967 17.95152 19.73763
21.12553 22.62422 17.90045 20.93296 26.41932
21.02233 21.28005 21.29501 19.65225 18.65753
18.90742 17.87328 24.19304 17.04084 19.10404
20.53486 25.71962 13.59512 19.57977 20.30838
22.13354 15.71209 21.8372 22.50623 18.78138
19.86741 23.45624 18.65237 20.93811 22.06548
19.3494 19.1297 25.33286 19.08526 16.90447
22.11324 16.94938 18.78885 24.05497 14.57519
18.98014 26.47222 18.36979 22.41776 17.28
23.68141 14.1015 15.44733 27.05596 23.54052
21.03604 19.14073 20.03856 19.74131 26.99058
18.10225 20.50568 20.26385 21.11697 16.98987
19.7439 22.29806 22.19944 20.67902 23.78597
21.03225 21.95971 23.14941 20.3951 20.18392
19.8831 18.03386 22.09792 20.76726 15.03826
21.38709 18.44637 19.48945 23.93784 25.24428
23.93597 20.74818 19.57115 20.91013 21.27265
21.16079 18.85825 19.69556 11.71641 24.67351
24.66857 15.92225 23.49734 15.60747 16.93029
20.07309 19.50876 16.78279 15.03003 23.08704
17.7001 21.09214 23.30983 16.55717 17.62785
22.49793 20.49945 15.73963 19.48823 24.67339
17.79489 22.29604 17.85235 20.82424 16.69989
16.16161 19.29668 20.01889 15.82923 16.86368
17.97883 18.54124 22.77113 18.22259 18.70783
21.41838 16.66389 20.57424 20.7164 19.40954
18.76834 20.90306 15.36221 18.91247 17.00964
18.66906 19.17601 21.06485 13.99062 18.34214
23.75105 27.70763 23.26927 14.96626 20.68999
20.81308 18.57596 17.48011 17.99365 17.83746
21.20494 17.21294 19.81099 20.78904 22.52175
22.08784 19.6375 18.54788 18.80415 17.55602
22.59664 20.05709 21.05102 23.83868 20.6607
21.31365 22.67076 19.4906 17.96302 21.58539
20.16532 20.48721 24.55794 24.88002 19.29755
22.84533 22.01775 22.83795 22.23472 20.22148
19.33728 18.10766 16.56177 21.58384 21.93945
18.55627 19.94367 21.83509 20.43958 16.78293
20.13822 25.45066 16.58369 19.62859 23.31255
19.09161 19.38219 19.86161 16.51126 22.02123
20.63587 22.99122 18.4603 22.50963 22.26534
17.01464 18.96941 20.38022 20.89957 14.16743
21.9196 20.11345 19.97566 19.05164 18.60439
21.088 17.46331 16.71637 24.97657 19.38538
12.81938 27.7721 20.98513 22.58899 13.12142
21.15785 13.38363 26.20322 17.39448 22.97559
19.80503 21.8388 20.60603 22.2177 20.4128
19.79593 22.30487 27.65072 14.5442 19.62635
21.79401 21.05215 17.8656 11.75804 21.11207
23.13066 18.16121 20.47739 22.11156 21.54343
21.10108 20.71454 19.9012 19.96094 22.86348
16.52215 27.31144 15.69962 21.09652 19.93745
25.10856 20.41579 23.04959 23.32556 13.67606
20.77538 20.35645 21.76794 16.78318 18.2308
20.85195 20.30352 20.82196 23.74259 15.35566
16.28956 18.50295 20.27989 19.95046 18.77837
21.69643 22.38124 22.8889 19.48665 18.60736
20.06726 19.91952 17.74258 18.33822 25.82164
17.97552 24.42716 20.09644 20.89561 14.32585
19.26066 18.33366 23.84675 16.86263 17.74665
14.15404 18.11394 20.89244 18.78107 14.66027
23.51871 27.83189 16.92762 19.83025 18.91462
25.53337 18.62071 17.50918 18.03684 24.10656
19.7828 13.41808 22.26843 15.36416 24.33778
21.67179 18.48993 13.92903 19.01986 18.10922
12.67703 19.22584 23.29778 22.47748 22.73445
18.10078 22.58358 15.00848 18.54234 23.92591
23.48257 18.80714 19.9995 21.37281 19.69149
17.81331 16.75124 24.80259 16.4834 18.15095
21.64036 17.10267 18.89869 18.0284 22.60457
21.04987 15.33085 16.25392 19.0336 19.87577
26.38171 20.16757 22.46254 21.20493 25.30321
17.78525 14.80109 21.07003 27.18988 11.95611
18.89466 19.28889 24.32697 22.05906 18.60304
18.25161 21.62904 22.52128 18.53851 23.58065
22.91418 23.31284 17.99254 26.73067 16.38652
20.37773 18.62251 18.90248 18.74422 17.29164
24.96426 19.60725 27.10164 21.14023 20.14181
16.0744 23.21635 22.30807 17.36084 21.16912
19.76664 16.18842 20.59824 19.28448 19.44658
20.35675 20.92668 16.40686 24.11329 18.40447
19.08053 19.33807 22.29953 21.45524 18.98484
16.33374 18.35163 14.31635 21.48747 17.71554
17.50998 23.42163 23.13089 21.10652 16.55821
22.0265 20.34865 19.04024 21.38083 20.47313
19.14158 26.84864 21.97024 21.75781 18.45665
22.01477 21.04049 19.60098 19.63589 18.37895
18.16498 21.84547 23.27426 19.19952 21.58791
20.02802 19.50769 19.3503 23.87881 19.98535
16.69235 18.53964 20.71026 18.40733 20.54255
17.93082 24.84307 22.67614 20.85849 20.47071
25.94685 11.17342 25.18133 16.63799 18.72399
21.71627 22.3856 18.13259 22.48842 17.70644
14.05098 21.33014 15.88504 14.23626 20.49233
19.91035 22.65815 19.25499 23.99793 18.26035
19.60341 18.14702 21.51584 20.2769 17.59086
24.52544 19.39367 23.50549 16.13585 21.96748
19.93387 18.13444 15.17491 18.06709 22.04387
20.50016 23.87113 19.72061 21.76925 19.16047
18.20504 19.23016 22.23642 14.83878 18.90416
18.69719 20.78982 22.68899 21.52166 21.78713
16.02646 14.16319 17.77095 21.42934 27.57862
21.64569 19.98464 20.60673 22.84047 22.10525
24.4972 23.73031 20.56947 17.6877 22.80573
17.03258 18.88479 14.4696 17.325 22.44502
16.69153 20.63215 16.9598 18.47958 19.95141
20.20302 21.8676 18.57491 19.75868 21.07776
14.04997 22.18617 17.17707 16.39455 18.37953
26.49261 14.41271 19.28925 20.97967 20.27654
15.24218 19.00769 15.51784 15.61199 23.82392
18.00736 19.33843 15.81509 14.56717 18.81998
13.43951 23.94802 22.48998 16.92662 20.11302
17.35021 24.25059 19.57544 16.75093 16.22479
18.38296 19.9412 19.68551 20.54976 18.71948
27.56415 19.73215 14.10912 12.35847 19.38479
17.69282 20.42928 19.36382 14.7626 24.74252
26.2323 17.16952 19.94535 22.09837 22.14369
17.8791 17.69632 21.81767 14.53747 21.12067
24.07456 19.7326 20.9523 21.64883 18.0478
20.90968 19.32182 14.57323 18.50139 21.40655
15.30967 13.79313 16.75237 17.34809 18.55794
15.33041 15.96722 21.22373 18.21558 20.01245
19.35184 16.30294 20.96249 20.76005 16.39362
18.22734 16.04105 19.28302 25.99766 19.33422
19.95111 21.21449 19.05072 21.90087 16.04214
16.55762 14.29484 25.99034 22.47577 14.82348
22.08149 19.0598 21.40261 21.12331 16.40948
24.38547 19.24565 19.91225 18.19391 24.00327
24.95984 18.81544 23.59229 28.06019 21.5282
19.48646 20.14839 22.29397 17.5371 24.62672
24.40387 21.38629 17.00978 16.24355 20.42619
18.00787 12.40385 23.02518 21.63804 17.46298
22.61702 13.84258 19.34984 16.10269 18.90604
16.47728 16.69043 16.45341 21.87954 18.24391
20.46052 22.33209 14.49186 25.74759 15.68555
19.26275 21.42026 17.57565 17.87442 24.85335
25.09258 18.52731 20.2928 17.63419 25.4054
14.9639 19.06546 20.39485 19.62537 17.17392
16.37227 18.42208 18.8135 20.11369 20.30422
27.82122 20.91734 22.61187 21.90492 12.63735
21.83042 17.5548 22.92491 17.70994 20.11952
20.19175 20.69801 18.58416 23.29533 18.81844
21.6822 16.84759 23.16267 22.38197 16.52338
18.3182 20.12513 23.73861 20.62584 25.42141
17.02866 19.32968 19.34217 25.41155 23.77316
17.76634 19.19488 17.65523 24.73141 23.12014
16.83389 24.17328 15.59386 18.50431 24.00084
19.0606 12.81321 19.52301 24.2114 24.4786
17.44088 18.88048 24.76247 21.84216 24.01168
16.05595 23.22792 21.70108 21.12473 20.96955
18.49517 21.32967 20.15092 16.25644 20.88176
20.33835 25.4334 12.73263 16.68202 24.52834
22.25482 19.85925 20.78306 20.25229 16.50546
16.32551 12.65034 20.13986 20.23464 16.32973
20.45507 23.11151 18.45851 19.51387 27.07654
17.59894 22.314 17.54776 17.53331 21.24902
16.96643 21.00651 21.26427 22.60179 15.12948
17.88165 17.43756 22.37239 24.61194 21.96419
16.35782 21.14516 23.41946 22.24297 21.0561
22.19943 21.62328 20.12488 20.35577 21.8547
21.80276 16.13944 18.33227 19.38305 16.61707
22.2061 15.64142 19.27458 16.36916 17.84896
24.49958 20.13162 24.60521 18.63155 22.64954
15.73055 20.5644 19.87639 17.9632 13.35757
27.26455 21.68786 19.54702 13.11566 24.75967
21.23265 21.62384 16.84817 19.79941 17.95994
19.47976 21.33599 18.34594 14.17718 19.3986
22.57729 17.90887 17.26482 16.39434 19.49307
17.13867 16.52372 25.01792 21.40007 21.6816
18.21195 22.80463 18.68566 19.23498 16.64372
22.34743 20.48023 23.68301 24.48624 20.0296
22.27652 23.7651 22.48376 18.62379 22.65043
19.58393 13.51074 18.62741 21.04992 15.90333
18.15622 17.66811 19.42828 17.84054 20.67814
19.76167 20.70235 17.24662 17.52804 22.48126
25.95511 19.36152 19.69094 18.53511 18.98778
19.89548 21.25918 18.81629 22.76881 19.64757
17.82781 18.9568 18.19298 25.15913 27.14792
21.25663 18.73218 17.57843 14.84147 20.60323
20.98973 25.0202 26.60961 25.39824 15.58193
21.32855 19.87619 19.33621 18.11549 17.94334
20.14268 20.13296 18.3658 26.5787 20.03239
22.03307 15.48969 18.47062 20.9644 24.15507
20.63038 20.34292 18.00868 21.28553 21.94773
20.54361 23.53517 20.77385 21.79342 21.23308
19.59224 21.22519 22.24894 20.916 20.58827
19.21129 18.374 22.552 13.92561 15.55136
20.12975 22.85004 22.81642 24.34811 19.54195
23.89372 17.06753 21.64162 19.39823 20.28219
19.15282 19.75712 20.53321 20.34088 22.02414
18.10998 19.94939 19.921 22.04303 23.36033
20.38502 21.52567 18.35782 15.00829 18.68982
17.05567 25.39357 19.76896 19.45556 21.3728
25.31692 16.79084 23.89613 18.08231 22.20905
14.14879 17.73246 18.05728 18.29696 18.08863
28.10011 15.67486 17.93959 23.07343 24.19972
18.523 17.10918 18.8975 23.76052 21.0139
19.48089 22.90376 23.47134 20.44538 17.52831
18.27145 24.67827 22.5217 15.68184 26.22844
24.6332 17.89762 14.10106 22.66443 22.09417
25.37333 22.31094 26.3934 17.20791 25.24592
17.09706 19.7111 12.23404 24.28852 15.43371
22.6205 20.01379 23.15332 17.83955 21.00407
16.84234 24.35505 20.09635 20.57991 22.17464
24.87496 23.74607 22.92094 20.43779 19.05713
18.21937 17.1095 21.70458 21.92436 15.23306
23.32893 20.42954 19.71264 18.99535 20.5093
19.92508 19.07044 18.67699 15.78832 21.93616
18.93253 18.96297 21.57438 18.82909 19.36481
19.27983 24.66127 24.74624 18.98121 14.20239
16.40327 16.33017 20.10109 21.27824 20.21597
17.57023 18.60055 15.60713 22.9041 18.86397
21.27668 16.70275 19.51191 16.0174 17.45477
22.2007 20.44719 19.82234 19.49073 21.44975
28.36405 16.50283 20.19614 13.8834 17.89464
26.68181 20.23578 16.13953 19.44681 19.84851
18.34185 14.15874 23.60802 18.15039 26.46456
21.74674 17.91483 13.043 22.71271 21.08876
22.99572 19.84102 22.5882 21.95663 19.33497
25.74866 17.71627 23.83664 19.94776 21.49888
20.65559 21.43848 16.2899 23.21145 19.02063
16.5427 20.81207 21.3199 17.05943 17.75698
19.24329 28.57933 19.77391 14.28847 17.77886
22.33954 21.37109 18.32229 19.46262 22.84727
15.81845 20.56548 20.76984 20.55543 14.53083
18.99653 22.42502 22.8712 17.46666 17.56648
26.18844 22.99153 25.126 22.56109 17.88812
18.71173 18.41016 24.73966 21.46646 21.81699
23.56185 16.55457 23.17837 13.72859 15.5453
23.98572 15.78065 24.34399 15.24679 19.2963
20.25867 17.43745 22.09757 18.0109 19.42727
23.4056 21.38006 25.47496 19.55577 17.27674
20.13226 26.31599 17.39341 14.2212 16.77374
16.90874 20.87429 20.23851 21.5997 22.70322
16.79184 11.13366 19.41361 19.6685 22.08255
16.69703 16.25384 22.16044 28.30439 23.88828
18.118 18.06354 23.04544 22.6362 18.97293
14.93921 18.05679 17.77382 17.70029 19.92622
27.21404 19.38646 19.21567 20.87017 15.66153
24.29059 24.57759 19.77635 19.08118 19.63421
20.78359 21.41281 19.38657 17.3679 18.59167
18.62568 16.35544 22.37549 19.36341 19.08272
21.80077 16.19047 22.16963 20.00852 23.55282
27.39099 16.46774 15.71155 20.47681 16.34531
23.67918 21.47844 14.37303 19.85067 17.98335
17.23731 18.46386 16.63111 20.84711 24.6598
21.66581 22.00143 19.37267 17.88979 24.32491
20.16282 14.71305 21.68946 14.61604 20.01889
17.7123 22.83788 18.8562 21.81302 17.14975
21.15612 19.35678 17.81975 20.7029 23.05638
20.54885 25.78528 21.56267 15.96491 16.75879
16.95884 18.47561 19.77002 17.94086 18.53511
17.32676 24.23289 22.23481 19.32066 20.24514
18.60976 18.37546 22.01776 21.44373 24.404
23.42498 17.63206 21.00703 16.34037 15.40088
27.00942 19.69703 24.01011 23.56137 14.6496
18.097 16.36107 24.88252 24.09681 18.16577
20.36772 14.76567 24.30421 16.63312 19.43287
22.63157 18.33843 16.15859 22.44643 17.48943
17.90679 18.03864 18.44842 21.45066 20.48254
23.28763 16.36279 18.98843 21.30611 20.92397
21.88942 23.20779 13.75239 25.36962 23.15717
22.40246 15.07211 17.48373 17.59261 21.67251
22.59567 22.46892 23.41478 22.9249 23.26573
19.12722 20.88891 19.45843 19.91482 19.59084
19.2903 20.54682 18.60939 18.6062 22.17614
19.04007 20.9714 20.0431 29.8083 18.66246
17.40417 21.74974 22.50177 18.79708 20.46629
23.96411 19.02634 22.66864 20.30906 24.3698
21.36626 19.21963 20.08024 20.66629 18.93743
22.87309 16.09097 19.67282 19.82211 21.14543
15.91068 24.57797 16.00767 19.92524 21.07009
28.2286 19.69281 23.46571 19.4796 20.77465
23.84163 20.97698 19.91316 16.98228 16.68985
26.13586 22.86009 23.63972 17.8726 26.71974
14.48636 26.66302 20.66607 17.977 18.24268
23.55401 21.28436 20.87685 16.9674 18.7076
25.78033 22.65879 18.51249 19.88105 20.60259
20.9576 22.95076 19.11056 19.95957 15.04068
22.17193 19.013 18.58876 15.56383 19.60144
17.04652 19.61746 21.47396 22.36038 22.15248
23.14175 24.05989 19.7931 14.83684 19.44663
11.69552 18.96283 27.26298 18.11556 16.4897
18.41658 20.31252 13.11219 23.68835 16.49573
15.40061 17.3474 17.60516 18.60586 18.06632
19.86833 19.71319 26.27322 16.61757 15.78231
22.2642 21.96822 19.8621 22.68252 16.93204
19.43146 20.06374 20.40731 23.20693 15.62405
19.93452 20.27015 21.43575 20.03901 22.43782
20.60598 22.52513 20.4384 12.47051 24.97824
25.85384 18.59952 23.03264 22.17973 17.64669
20.95542 21.30472 16.36495 24.81543 15.12664
21.54994 22.76492 20.45794 21.55795 17.2749
21.12484 20.46536 23.58459 19.74214 18.87448
21.99711 16.51954 10.62086 19.92005 17.62111
20.57027 17.78716 17.48636 17.66702 20.17473
18.35075 18.97486 18.7261 18.84383 18.66864
15.10822 23.5868 18.33897 22.44891 21.43308
17.12041 22.38605 15.0214 22.91214 22.52566
17.6133 18.22432 23.43317 22.88973 17.71528
19.3467 19.1142 18.99044 14.04746 18.87502
21.62617 17.07408 21.91892 16.23932 19.07406
21.26261 23.25214 21.19828 20.51522 20.82296
22.91946 15.73164 21.77371 19.76088 23.97742
20.24929 21.76947 17.16349 21.99427 22.52379
16.6285 18.87298 20.01121 19.24443 17.42628
28.36156 13.32461 20.15745 14.64785 18.66142
22.30245 22.30528 17.68147 23.35305 20.40465
18.41892 21.20407 19.03385 21.89106 20.46599
22.04501 23.47399 20.59177 19.68567 17.48294
20.7665 17.77592 17.99607 21.96461 16.39335
23.01014 19.63797 21.81157 20.97636 21.61149
17.64718 18.40941 23.67029 18.69167 19.7692
20.58695 22.43791 11.66124 19.56988 17.47001
16.8421 15.72473 21.50073 22.55562 17.86239
18.54333 22.1902 17.20723 21.18121 23.60374
23.22288 18.05705 17.24746 17.72558 18.2556
18.9283 25.37182 18.98596 16.5066 19.47251
25.56747 17.55532 17.53856 21.43254 18.57633
23.31272 13.38389 21.36446 21.88908 21.47285
23.99292 14.05099 15.79174 21.67203 20.02588
18.60776 21.67609 18.19549 17.33999 21.321
20.82048 20.36947 16.42599 21.55506 21.34456
16.97401 18.09675 17.24056 18.9892 17.77861
18.03243 24.80807 17.75003 21.13837 19.30609
22.03457 18.02768 25.72434 20.98898 21.3069
16.41775 20.98305 20.63368 22.48472 17.58264
17.84569 18.38543 22.87165 21.01063 19.9148
21.18561 17.87689 15.49443 16.74013 18.67998
19.89805 20.56536 16.01607 19.89426 15.75145
19.93701 25.47268 15.93443 20.38652 21.67903
19.7402 21.54885 22.72075 20.4364 22.18472
21.6765 17.78935 17.5813 19.25835 21.12505
17.9813 17.96971 26.06271 20.51386 19.36097
22.91231 24.43782 15.55707 17.57982 21.59338
21.58887 22.42283 20.01626 18.39932 17.96401
23.06452 12.37846 22.57319 18.98796 20.94041
17.09965 23.09073 17.03666 14.42211 21.73122
14.44679 20.81978 22.76621 20.97633 19.48254
23.30036 16.49678 20.00158 20.20565 16.7474
13.0805 19.02596 25.72456 22.54346 19.41756
18.83715 19.87535 17.99642 20.78273 23.80718
19.90669 24.95183 18.56366 21.45875 18.57468
13.39765 19.83158 13.51369 18.94695 22.65057
24.04372 16.8421 19.91116 17.13421 21.11223
22.13852 19.51446 21.18101 22.53148 22.54596
20.32054 16.09874 20.49256 22.6724 23.34316
16.85887 18.95895 20.73537 18.28334 20.82925
18.81891 22.49632 21.22765 18.45116 24.23504
16.77996 22.81349 20.43812 17.4542 22.71226
17.05279 17.61728 22.00082 22.93059 20.17081
24.40291 22.14148 23.92362 21.97881 22.84335
16.06997 23.19017 18.77462 21.52013 17.55564
15.728 20.05604 21.45261 27.43238 23.11709
17.81314 15.98342 10.89802 16.89693 19.62309
20.54637 16.7694 21.03261 22.6098 18.7521
23.82115 18.13901 21.93148 21.29955 17.16606
19.05844 19.33023 19.25769 25.71205 19.60938
21.58226 20.41568 21.80769 21.79081 21.86529
15.42753 18.16799 17.68621 21.4562 20.72204
19.46935 21.21919 21.73128 17.4375 26.14205
18.47998 20.76636 24.01611 16.9377 18.51033
24.99021 11.55136 21.49286 22.61712 12.04225
14.39556 21.2158 21.52325 17.06722 18.81549
17.4484 18.43955 19.10689 17.75225 16.56318
18.50349 20.26319 21.25656 20.9941 17.13741
22.72072 22.37951 23.09948 19.19533 21.35249
17.66803 22.70308 21.30857 18.3513 23.52919
15.23161 20.48499 22.98424 17.75075 19.16697
18.07235 17.43562 19.56934 18.88515 23.42412
20.13593 21.47637 17.34142 17.39772 20.5624
18.84329 19.66767 20.60802 21.0002 16.7837
21.78997 21.93917 23.04505 20.70645 14.63717
21.58092 20.54156 19.59636 23.06829 22.06894
16.40742 18.78882 18.73136 18.38991 18.59235
19.92899 21.99124 21.17429 18.58142 20.03267
19.74908 20.45109 21.08881 18.91424 24.20013
16.98971 19.27935 14.29826 16.34403 19.92627
21.884 19.69048 22.20618 17.47387 18.1694
12.58329 21.01226 19.40407 21.51584 15.29613
17.84549 24.02009 16.23542 18.74297 20.00819
16.39093 17.8199 16.95397 20.28934 18.34858
24.63517 19.4956 16.43505 21.32945 18.43925
22.38038 19.04202 17.29138 21.30382 20.37986
22.92407 22.91575 23.07944 16.53189 22.80202
17.52292 23.0837 26.07272 19.09128 18.12023
15.14269 22.80779 19.38381 18.65081 21.85853
17.94037 17.23746 21.06008 21.76803 20.44489
20.65358 18.67571 18.3782 19.41932 21.70916
19.78421 17.01963 18.24703 19.32472 20.9159
18.90644 18.8791 22.24997 21.92887 16.13729
16.09761 19.99993 13.09428 23.93971 18.68271
18.26934 24.32219 15.43428 19.64432 18.32872
12.89461 18.6492 21.27046 19.5038 19.01607
18.27717 21.00541 17.61411 16.4894 17.77161
18.91863 17.04253 24.22699 21.56342 20.13021
21.24553 14.29765 18.65401 22.86335 18.33089
16.09686 19.92208 18.90678 20.27081 17.3357
19.34489 16.00005 21.7108 20.22028 20.7527
17.18024 19.27062 20.32258 23.49152 19.90898
24.49459 15.56717 18.20389 18.89784 21.04981
17.94998 19.78559 18.0696 19.51528 15.32177
20.80262 20.35913 28.47882 12.83213 18.27251
22.65195 22.55319 19.96042 23.67508 18.28925
21.98903 17.0207 18.32155 16.76461 21.44394
22.27386 20.70526 23.64293 22.29816 19.69637
17.64448 16.30269 19.80887 16.69414 24.4067
22.67968 22.4424 23.23897 17.56469 21.54196
19.51521 18.01637 21.00403 22.57074 19.09531
17.65738 24.6306 20.21605 20.00091 21.66728
19.78042 14.70318 26.24438 21.31783 21.69447
21.44552 21.69787 19.09854 16.16398 21.99758
23.06539 20.40608 20.84018 20.70485 15.61997
22.16715 16.38355 21.69625 11.69352 19.48543
18.96831 20.83591 19.90835 19.16685 17.39297
22.95053 20.84517 22.74172 21.61443 22.45883
16.58178 19.93543 25.04869 16.94613 20.93213
18.59961 20.51215 19.20634 23.18059 21.54906
19.00048 18.13351 19.67667 16.28627 19.17547
16.79813 25.62788 18.92487 23.84892 16.24606
23.82578 22.49844 17.59706 16.87142 23.4561
16.91891 21.28367 21.16957 25.56633 22.00061
17.04192 18.87509 23.16473 18.46651 16.83221
21.62551 18.69375 22.33496 23.80369 21.827
20.76721 24.43385 25.23734 22.49568 19.24258
19.66096 19.23196 22.73454 19.57342 14.88074
25.17849 19.6808 23.33623 18.97878 18.66648
18.90449 18.91454 22.53948 22.14447 15.54297
21.28363 17.48908 17.08157 21.40992 21.23765
20.39611 15.12597 19.93586 16.18883 19.60863
18.36856 19.69364 16.39346 17.36423 17.19657
22.66738 19.40171 17.79246 17.36642 23.59521
21.4888 20.60786 21.37602 19.86972 18.41909
18.67945 20.98119 21.33717 22.32799 18.34463
21.25327 25.7718 15.77042 20.49687 24.77117
26.15107 21.0055 19.2666 17.20403 21.56231
20.61056 22.92566 18.16595 19.07841 21.56151
18.78734 22.97616 18.69935 18.91535 18.27363
16.43116 19.81946 19.24112 18.58522 17.78796
21.92136 22.49003 24.95847 19.2084 21.24848
20.25881 24.9516 16.78447 19.06539 18.85419
23.09297 21.92846 21.9129 26.97603 25.08347
21.8437 19.84783 21.07641 22.50961 21.33975
15.44316 17.72938 17.18225 23.69398 21.68098
16.27714 18.73681 22.70406 23.71969 15.88351
15.25546 25.23793 19.919 19.08256 21.5802
27.14523 24.11915 21.6431 22.38734 18.08301
16.00609 20.40565 19.60619 22.225 17.94631
17.57002 21.60242 15.96066 22.95342 20.13302
